Day: 350
Epoch: 12
Epoch: 27
data1_predict_price: [1187.4425   898.62     976.91125 1051.91     927.7125 ]
data1_predict_date: [352 353 354 355 358]
data2_predict_price: [ 71180.95299419 129762.78640648 126813.22799817 137057.05919917
 134936.01695231]
data2_predict_date: [351 352 353 354 355]
Success
Day: 351
Epoch: 5
Epoch: 10
data1_predict_price: [1187.4425   898.62     976.91125 1051.91     927.7125 ]
data1_predict_date: [352 353 354 355 358]
data2_predict_price: [62920.88341229 59971.32500397 70215.15620498 68094.11395811
 62769.95420735]
data2_predict_date: [352 353 354 355 356]
Success
Day: 352
Epoch: 11
Epoch: 11
data1_predict_price: [1019.0475  1102.16875 1181.8575  1053.88    2197.64375]
data1_predict_date: [353 354 355 358 359]
data2_predict_price: [ 1658.42704168 11902.25824269  9781.21599582  4457.05624506
 99681.99504613]
data2_predict_date: [353 354 355 356 357]
Success
Day: 353
Epoch: 17
Epoch: 5
data1_predict_price: [1391.62125 1471.31    1343.3325  2487.09625 2137.7225 ]
data1_predict_date: [354 355 358 359 360]
data2_predict_price: [ 14838.81905101  12717.77680414   7393.61705338 102618.55585445
  98094.25408375]
data2_predict_date: [354 355 356 357 358]
Success
Day: 354
Epoch: 6
Epoch: 9
data1_predict_price: [1391.43875 1263.46125 2407.225   2057.85125 2168.4325 ]
data1_predict_date: [355 358 359 360 361]
data2_predict_price: [ 2461.47775313 -2862.68199763 92362.25680344 87837.95503274
 83501.08130637]
data2_predict_date: [355 356 357 358 359]
Success
Day: 355
Epoch: 5
Epoch: 10
data1_predict_price: [1192.4225  2336.18625 1986.8125  2097.39375 2393.33   ]
data1_predict_date: [358 359 360 361 362]
data2_predict_price: [  -412.41973376  94812.51906731  90288.21729661  85951.34357023
 202505.24602578]
data2_predict_date: [356 357 358 359 360]
Success
Day: 356
Epoch: 14
Epoch: 23
data1_predict_price: [1192.4225  2336.18625 1986.8125  2097.39375 2393.33   ]
data1_predict_date: [358 359 360 361 362]
data2_predict_price: [106752.64291769 101865.39641776  97179.31388619 222243.6556456
  96466.28649206]
data2_predict_date: [357 358 359 360 361]
Success
Day: 357
Epoch: 5
Epoch: 10
data1_predict_price: [1192.4225  2336.18625 1986.8125  2097.39375 2393.33   ]
data1_predict_date: [358 359 360 361 362]
data2_predict_price: [  -301.67649994  -4987.7590315  120076.58272791  -5700.78642563
  -3684.42729165]
data2_predict_date: [358 359 360 361 362]
Success
Day: 358
Epoch: 14
Epoch: 18
data1_predict_price: [2476.86375 2127.49    2238.07125 2534.0075  2968.96   ]
data1_predict_date: [359 360 361 362 365]
data2_predict_price: [  -341.98421457 124722.35754484  -1055.0116087     961.34752528
 -90685.22545886]
data2_predict_date: [359 360 361 362 363]
Success
Day: 359
Epoch: 5
Epoch: 21
data1_predict_price: [ 986.17625 1096.7575  1392.69375 1827.64625 1910.7675 ]
data1_predict_date: [360 361 362 365 366]
data2_predict_price: [129553.06189941   3775.69274587   5792.05187985 -85854.52110429
 -30888.34877987]
data2_predict_date: [360 361 362 363 364]
Success
Day: 360
Epoch: 10
Epoch: 13
data1_predict_price: [1448.43125 1744.3675  2179.32    2262.44125 2340.41375]
data1_predict_date: [361 362 365 366 367]
data2_predict_price: [-121392.34915354 -119375.99001956 -211022.5630037  -156056.39067929
 -195386.45527691]
data2_predict_date: [361 362 363 364 365]
Success
Day: 361
Epoch: 14
Epoch: 10
data1_predict_price: [1639.43625 2074.38875 2157.51    2235.4825  2428.44375]
data1_predict_date: [362 365 366 367 368]
data2_predict_price: [  6671.01763398 -84975.55535016 -30009.38302574 -69339.44762337
  33099.77964624]
data2_predict_date: [362 363 364 365 366]
Success
Day: 362
Epoch: 21
Epoch: 20
data1_predict_price: [1781.2025  1864.32375 1942.29625 2135.2575  2228.67625]
data1_predict_date: [365 366 367 368 369]
data2_predict_price: [ -88858.03335513  -32990.21902432  -72977.57958385   31148.13063853
 -101562.3887518 ]
data2_predict_date: [363 364 365 366 367]
Success
Day: 363
Epoch: 15
Epoch: 46
data1_predict_price: [1781.2025  1864.32375 1942.29625 2135.2575  2228.67625]
data1_predict_date: [365 366 367 368 369]
data2_predict_price: [ 60180.07433081  20192.71377128 124318.42399365  -8392.09539668
  -7767.18506964]
data2_predict_date: [364 365 366 367 368]
Success
Day: 364
Epoch: 9
Epoch: 28
data1_predict_price: [1781.2025  1864.32375 1942.29625 2135.2575  2228.67625]
data1_predict_date: [365 366 367 368 369]
data2_predict_price: [-35657.40555953  68468.30466285 -64242.21472749 -63617.30440045
 -56744.72460289]
data2_predict_date: [365 366 367 368 369]
Success
Day: 365
Epoch: 10
Epoch: 24
data1_predict_price: [1417.32125 1495.29375 1688.255   1781.67375 1367.0825 ]
data1_predict_date: [366 367 368 369 372]
data2_predict_price: [108373.80023938 -24336.71915096 -23711.80882392 -16839.22902636
 -48397.96423311]
data2_predict_date: [366 367 368 369 370]
Success
Day: 366
Epoch: 8
Epoch: 9
data1_predict_price: [1404.4725  1597.43375 1690.8525  1276.26125 1010.98375]
data1_predict_date: [367 368 369 372 373]
data2_predict_price: [-128511.92939033 -127887.0190633  -121014.43926573 -152573.17447249
 -171638.65520119]
data2_predict_date: [367 368 369 370 371]
Success
Day: 367
Epoch: 19
Epoch: 37
data1_predict_price: [1520.51125 1613.93    1199.33875  934.06125  969.1275 ]
data1_predict_date: [368 369 372 373 374]
data2_predict_price: [   4586.18159403   11458.7613916   -20099.97381516  -39165.45454386
 -130731.15092951]
data2_predict_date: [368 369 370 371 372]
Success
Day: 368
Epoch: 15
Epoch: 17
data1_predict_price: [1417.96875 1003.3775   738.1      773.16625  669.21625]
data1_predict_date: [369 372 373 374 375]
data2_predict_price: [  12677.53559769  -31217.01752921  -57800.25777614 -184843.62386997
 -528150.27571846]
data2_predict_date: [369 370 371 372 373]
Success
Day: 369
Epoch: 6
Epoch: 14
data1_predict_price: [908.25875 642.98125 678.0475  574.0975  514.77   ]
data1_predict_date: [372 373 374 375 376]
data2_predict_price: [ -40678.1231269   -67261.36337383 -194304.72946766 -537611.38131615
 -592917.56869555]
data2_predict_date: [370 371 372 373 374]
Success
Day: 370
Epoch: 19
Epoch: 86
data1_predict_price: [908.25875 642.98125 678.0475  574.0975  514.77   ]
data1_predict_date: [372 373 374 375 376]
data2_predict_price: [ -25707.33002687 -166821.23436055 -548271.99493423 -609663.22258893
 -284446.9119051 ]
data2_predict_date: [371 372 373 374 375]
Success
Day: 371
Epoch: 9
Epoch: 5
data1_predict_price: [908.25875 642.98125 678.0475  574.0975  514.77   ]
data1_predict_date: [372 373 374 375 376]
data2_predict_price: [-137367.84355069 -518818.60412436 -580209.83177906 -254993.52109523
 -265481.86012305]
data2_predict_date: [372 373 374 375 376]
Success
Day: 372
Epoch: 16
Epoch: 7
data1_predict_price: [1046.8225  1081.88875  977.93875  918.61125  548.6425 ]
data1_predict_date: [373 374 375 376 379]
data2_predict_price: [-377772.23057367 -439163.45822837 -113947.14754454 -124435.48657236
 -164624.26628652]
data2_predict_date: [373 374 375 376 377]
Success
Day: 373
Epoch: 19
Epoch: 12
data1_predict_price: [1344.66625 1240.71625 1181.38875  811.42     724.6325 ]
data1_predict_date: [374 375 376 379 380]
data2_predict_price: [-57447.8143217  267768.49636213 257280.15733431 217091.37762015
 374495.7491431 ]
data2_predict_date: [374 375 376 377 378]
Success
Day: 374
Epoch: 17
Epoch: 11
data1_predict_price: [1207.35    1148.0225   778.05375  691.26625  748.64375]
data1_predict_date: [375 376 379 380 381]
data2_predict_price: [329193.87235083 318705.53332301 278516.75360885 435921.1251318
 456172.30923385]
data2_predict_date: [375 376 377 378 379]
Success
Day: 375
Epoch: 10
Epoch: 5
data1_predict_price: [1232.7725   862.80375  776.01625  833.39375  173.37875]
data1_predict_date: [376 379 380 381 382]
data2_predict_price: [ -6593.85902782 -46782.63874198 110621.73278097 130872.91688302
  81440.40164084]
data2_predict_date: [376 377 378 379 380]
Success
Day: 376
Epoch: 16
Epoch: 9
data1_predict_price: [924.83125 838.04375 895.42125 235.40625 327.10875]
data1_predict_date: [379 380 381 382 383]
data2_predict_price: [-36551.27716416 120853.09435879 141104.27846084  91671.76321866
 -61127.6492037 ]
data2_predict_date: [377 378 379 380 381]
Success
Day: 377
Epoch: 5
Epoch: 10
data1_predict_price: [924.83125 838.04375 895.42125 235.40625 327.10875]
data1_predict_date: [379 380 381 382 383]
data2_predict_price: [161180.75842295 181431.942525   131999.42728282 -20799.98513954
  61708.24056618]
data2_predict_date: [378 379 380 381 382]
Success
Day: 378
Epoch: 9
Epoch: 9
data1_predict_price: [924.83125 838.04375 895.42125 235.40625 327.10875]
data1_predict_date: [379 380 381 382 383]
data2_predict_price: [  24028.80410205  -25403.71114013 -178203.12356249  -95694.89785677
  -95009.14282864]
data2_predict_date: [379 380 381 382 383]
Success
Day: 379
Epoch: 14
Epoch: 5
data1_predict_price: [1206.5125 1263.89    603.875   695.5775  643.115 ]
data1_predict_date: [380 381 382 383 386]
data2_predict_price: [ -45489.96024218 -198289.37266454 -115781.14695882 -115095.39193069
  -17102.17392916]
data2_predict_date: [380 381 382 383 384]
Success
Day: 380
Epoch: 9
Epoch: 7
data1_predict_price: [1357.4275   697.4125   789.115    736.6525   967.37125]
data1_predict_date: [381 382 383 386 387]
data2_predict_price: [-148889.10503936  -66380.87933364  -65695.12430551   32298.09369601
   13082.28600679]
data2_predict_date: [381 382 383 384 385]
Success
Day: 381
Epoch: 9
Epoch: 5
data1_predict_price: [622.535   714.2375  661.775   892.49375 290.83125]
data1_predict_date: [382 383 386 387 388]
data2_predict_price: [ 86389.22570572  87074.98073385 185068.19873538 165852.39104615
 148384.31329218]
data2_predict_date: [382 383 384 385 386]
Success
Day: 382
Epoch: 12
Epoch: 11
data1_predict_price: [1375.0525  1322.59    1553.30875  951.64625  978.13125]
data1_predict_date: [383 386 387 388 389]
data2_predict_price: [  4887.74407813 102880.96207965  83665.15439043  66197.07663646
 256951.73291221]
data2_predict_date: [383 384 385 386 387]
Success
Day: 383
Epoch: 7
Epoch: 7
data1_predict_price: [1230.6375  1461.35625  859.69375  886.17875  876.6225 ]
data1_predict_date: [386 387 388 389 390]
data2_predict_price: [102186.79266852  82970.9849793   65502.90722533 256257.56350107
 251208.67467468]
data2_predict_date: [384 385 386 387 388]
Success
Day: 384
Epoch: 14
Epoch: 8
data1_predict_price: [1230.6375  1461.35625  859.69375  886.17875  876.6225 ]
data1_predict_date: [386 387 388 389 390]
data2_predict_price: [-15051.53768922 -32519.61544319 158235.04083255 153186.15200616
 135719.68869325]
data2_predict_date: [385 386 387 388 389]
Success
Day: 385
Epoch: 14
Epoch: 6
data1_predict_price: [1230.6375  1461.35625  859.69375  886.17875  876.6225 ]
data1_predict_date: [386 387 388 389 390]
data2_predict_price: [-13107.35478697 177647.30148878 172598.41266238 155131.94934948
 271860.0348562 ]
data2_predict_date: [386 387 388 389 390]
Success
Day: 386
Epoch: 26
Epoch: 5
data1_predict_price: [1504.41875  902.75625  929.24125  919.685    596.055  ]
data1_predict_date: [387 388 389 390 393]
data2_predict_price: [195141.54002574 190092.65119935 172626.18788645 289354.27339316
 304857.50818503]
data2_predict_date: [387 388 389 390 391]
Success
Day: 387
Epoch: 7
Epoch: 5
data1_predict_price: [669.5875  696.0725  686.51625 362.88625 277.815  ]
data1_predict_date: [388 389 390 393 394]
data2_predict_price: [  -654.81882639 -18121.2821393   98606.80336742 114110.03815929
 118334.4565945 ]
data2_predict_date: [388 389 390 391 392]
Success
Day: 388
Epoch: 23
Epoch: 5
data1_predict_price: [1300.735   1291.17875  967.54875  882.4775   984.4775 ]
data1_predict_date: [389 390 393 394 395]
data2_predict_price: [-13241.28831291 103486.79719381 118990.03198568 123214.45042089
  22772.88932451]
data2_predict_date: [389 390 391 392 393]
Success
Day: 389
Epoch: 18
Epoch: 8
data1_predict_price: [1264.94375  941.31375  856.2425   958.2425   965.84875]
data1_predict_date: [390 393 394 395 396]
data2_predict_price: [121066.93750672 136570.17229859 140794.5907338   40353.02963742
 107877.53629784]
data2_predict_date: [390 391 392 393 394]
Success
Day: 390
Epoch: 26
Epoch: 15
data1_predict_price: [938.17    853.09875 955.09875 962.705   525.8025 ]
data1_predict_date: [393 394 395 396 397]
data2_predict_price: [ 19821.81479187  24046.23322708 -76395.3278693   -8870.82120888
 -20968.09876613]
data2_predict_date: [391 392 393 394 395]
Success
Day: 391
Epoch: 19
Epoch: 6
data1_predict_price: [938.17    853.09875 955.09875 962.705   525.8025 ]
data1_predict_date: [393 394 395 396 397]
data2_predict_price: [  8600.61010221 -91840.95099417 -24316.44433375 -36413.721891
  -2215.49498047]
data2_predict_date: [392 393 394 395 396]
Success
Day: 392
Epoch: 9
Epoch: 11
data1_predict_price: [938.17    853.09875 955.09875 962.705   525.8025 ]
data1_predict_date: [393 394 395 396 397]
data2_predict_price: [-95839.28021338 -28314.77355296 -40412.05111021  -6213.82419968
 128130.60053241]
data2_predict_date: [393 394 395 396 397]
Success
Day: 393
Epoch: 5
Epoch: 5
data1_predict_price: [1193.67875 1295.67875 1303.285    866.3825  1447.21625]
data1_predict_date: [394 395 396 397 400]
data2_predict_price: [ 72130.16666042  60032.88910317  94231.1160137  228575.54074579
 230536.92830945]
data2_predict_date: [394 395 396 397 398]
Success
Day: 394
Epoch: 12
Epoch: 8
data1_predict_price: [1393.4     1401.00625  964.10375 1544.9375  1978.17375]
data1_predict_date: [395 396 397 400 401]
data2_predict_price: [ -7314.99755725  26883.22935328 161227.65408537 163189.04164903
 268128.0416167 ]
data2_predict_date: [395 396 397 398 399]
Success
Day: 395
Epoch: 19
Epoch: 6
data1_predict_price: [1296.85625  859.95375 1440.7875  1874.02375 1799.25   ]
data1_predict_date: [396 397 400 401 402]
data2_predict_price: [ 39017.71267753 173362.13740962 175323.52497328 280262.52494095
 302331.10425002]
data2_predict_date: [396 397 398 399 400]
Success
Day: 396
Epoch: 24
Epoch: 9
data1_predict_price: [ 853.3475  1434.18125 1867.4175  1792.64375 1825.99375]
data1_predict_date: [397 400 401 402 403]
data2_predict_price: [139166.59473209 141127.98229575 246066.98226342 268135.56157249
 269683.89712453]
data2_predict_date: [397 398 399 400 401]
Success
Day: 397
Epoch: 11
Epoch: 9
data1_predict_price: [1880.43375 2313.67    2238.89625 2272.24625 2592.21   ]
data1_predict_date: [400 401 402 403 404]
data2_predict_price: [  7950.9330393  130158.19620984 155941.15025387 157847.66790897
 670842.37756644]
data2_predict_date: [398 399 400 401 402]
Success
Day: 398
Epoch: 5
Epoch: 6
data1_predict_price: [1880.43375 2313.67    2238.89625 2272.24625 2592.21   ]
data1_predict_date: [400 401 402 403 404]
data2_predict_price: [127946.70190354 153729.65594757 155636.17360267 668630.88326015
 790154.92199275]
data2_predict_date: [399 400 401 402 403]
Success
Day: 399
Epoch: 15
Epoch: 5
data1_predict_price: [1880.43375 2313.67    2238.89625 2272.24625 2592.21   ]
data1_predict_date: [400 401 402 403 404]
data2_predict_price: [ 31608.94404403  33515.46169913 546510.17135661 668034.21008921
 727946.43231207]
data2_predict_date: [400 401 402 403 404]
Success
Day: 400
Epoch: 13
Epoch: 6
data1_predict_price: [1736.53625 1661.7625  1695.1125  2015.07625 2141.10375]
data1_predict_date: [401 402 403 404 407]
data2_predict_price: [  7617.7235221  520612.43317957 642136.47191218 702048.69413504
 622709.51834813]
data2_predict_date: [401 402 403 404 405]
Success
Day: 401
Epoch: 18
Epoch: 5
data1_predict_price: [1209.97625 1243.32625 1563.29    1689.3175  1051.61375]
data1_predict_date: [402 403 404 407 408]
data2_predict_price: [518598.42259748 640122.46133008 700034.68355294 620695.50776604
 546399.2138006 ]
data2_predict_date: [402 403 404 405 406]
Success
Day: 402
Epoch: 12
Epoch: 5
data1_predict_price: [1313.55    1633.51375 1759.54125 1121.8375   964.68375]
data1_predict_date: [403 404 407 408 409]
data2_predict_price: [127118.6987326  187030.92095546 107691.74516856  33395.45120312
  27184.08323585]
data2_predict_date: [403 404 405 406 407]
Success
Day: 403
Epoch: 15
Epoch: 5
data1_predict_price: [1606.36375 1732.39125 1094.6875   937.53375 1149.37375]
data1_predict_date: [404 407 408 409 410]
data2_predict_price: [ 65639.85572286 -13699.32006405 -87995.61402949 -94206.98199675
  -2187.33681705]
data2_predict_date: [404 405 406 407 408]
Success
Day: 404
Epoch: 11
Epoch: 5
data1_predict_price: [1407.2275   769.52375  612.37     824.21     644.745  ]
data1_predict_date: [407 408 409 410 411]
data2_predict_price: [ -73359.7159469  -147656.00991234 -153867.37787961  -61847.73269991
  112375.16201976]
data2_predict_date: [405 406 407 408 409]
Success
Day: 405
Epoch: 5
Epoch: 5
data1_predict_price: [1407.2275   769.52375  612.37     824.21     644.745  ]
data1_predict_date: [407 408 409 410 411]
data2_predict_price: [-68309.85396544 -74521.22193271  17498.42324699 191721.31796667
 196599.06591955]
data2_predict_date: [406 407 408 409 410]
Success
Day: 406
Epoch: 16
Epoch: 5
data1_predict_price: [1407.2275   769.52375  612.37     824.21     644.745  ]
data1_predict_date: [407 408 409 410 411]
data2_predict_price: [-2.28183417e+02  9.17914618e+04  2.66014356e+05  2.70892104e+05
  2.68690506e+05]
data2_predict_date: [407 408 409 410 411]
Success
Day: 407
Epoch: 9
Epoch: 5
data1_predict_price: [637.19625 480.0425  691.8825  512.4175  295.195  ]
data1_predict_date: [408 409 410 411 414]
data2_predict_price: [ 97895.7250467  272118.61976637 276996.36771926 274794.76945691
 200767.00015116]
data2_predict_date: [408 409 410 411 412]
Success
Day: 408
Epoch: 7
Epoch: 5
data1_predict_price: [1119.29625 1331.13625 1151.67125  934.44875  986.6775 ]
data1_predict_date: [409 410 411 414 415]
data2_predict_price: [180123.48471967 185001.23267256 182799.63441021 108771.86510446
 125774.02459811]
data2_predict_date: [409 410 411 412 413]
Success
Day: 409
Epoch: 17
Epoch: 6
data1_predict_price: [1486.84    1307.375   1090.1525  1142.38125 1091.635  ]
data1_predict_date: [410 411 414 415 416]
data2_predict_price: [  10547.37048589    8345.77222354  -65681.99708221  -48679.83758856
 -208375.92867668]
data2_predict_date: [410 411 412 413 414]
Success
Day: 410
Epoch: 10
Epoch: 6
data1_predict_price: [1094.285    877.0625   929.29125  878.545    834.66375]
data1_predict_date: [411 414 415 416 417]
data2_predict_price: [   3691.54015465  -70336.2291511   -53334.06965745 -213030.16074556
  -58387.87915351]
data2_predict_date: [411 412 413 414 415]
Success
Day: 411
Epoch: 8
Epoch: 5
data1_predict_price: [1049.2275  1101.45625 1050.71    1006.82875  755.28125]
data1_predict_date: [414 415 416 417 418]
data2_predict_price: [ -68137.94930575  -51135.7898121  -210831.88090022  -56189.59930816
  -58434.74799819]
data2_predict_date: [412 413 414 415 416]
Success
Day: 412
Epoch: 6
Epoch: 5
data1_predict_price: [1049.2275  1101.45625 1050.71    1006.82875  755.28125]
data1_predict_date: [414 415 416 417 418]
data2_predict_price: [  22778.85644365 -136917.23464447   17725.04694759   15479.89825756
  -62710.40788218]
data2_predict_date: [413 414 415 416 417]
Success
Day: 413
Epoch: 20
Epoch: 7
data1_predict_price: [1049.2275  1101.45625 1050.71    1006.82875  755.28125]
data1_predict_date: [414 415 416 417 418]
data2_predict_price: [-153540.65706811    1101.62452394   -1143.52416609  -79333.83030583
  182665.46426673]
data2_predict_date: [414 415 416 417 418]
Success
Day: 414
Epoch: 5
Epoch: 5
data1_predict_price: [1324.22875 1273.4825  1229.60125  978.05375 1167.5825 ]
data1_predict_date: [415 416 417 418 421]
data2_predict_price: [160778.77159206 158533.62290202  80343.31676229 342342.61133484
 329290.18750841]
data2_predict_date: [415 416 417 418 419]
Success
Day: 415
Epoch: 15
Epoch: 6
data1_predict_price: [1219.40375 1175.5225   923.975   1113.50375 1049.0275 ]
data1_predict_date: [416 417 418 421 422]
data2_predict_price: [  4143.49647697 -74046.80966277 187952.48490978 174900.06108336
 349350.38535319]
data2_predict_date: [416 417 418 419 420]
Success
Day: 416
Epoch: 11
Epoch: 9
data1_predict_price: [1233.16875  981.62125 1171.15    1106.67375 1342.54125]
data1_predict_date: [417 418 421 422 423]
data2_predict_price: [-71524.99945674 190474.29511582 177421.87128939 351872.19555922
 543272.06451104]
data2_predict_date: [417 418 419 420 421]
Success
Day: 417
Epoch: 13
Epoch: 5
data1_predict_price: [1027.6525  1217.18125 1152.705   1388.5725  1461.39625]
data1_predict_date: [418 421 422 423 424]
data2_predict_price: [268751.27457255 255698.85074613 430149.17501596 621549.04396778
 681545.68072046]
data2_predict_date: [418 419 420 421 422]
Success
Day: 418
Epoch: 9
Epoch: 7
data1_predict_price: [1456.72875 1392.2525  1628.12    1700.94375 1288.06875]
data1_predict_date: [421 422 423 424 425]
data2_predict_price: [ -5854.70376643 168595.62050341 359995.48945523 419992.1262079
 728333.29621982]
data2_predict_date: [419 420 421 422 423]
Success
Day: 419
Epoch: 7
Epoch: 5
data1_predict_price: [1456.72875 1392.2525  1628.12    1700.94375 1288.06875]
data1_predict_date: [421 422 423 424 425]
data2_predict_price: [181887.86758683 373287.73653865 433284.37329133 741625.54330324
 907546.63869614]
data2_predict_date: [420 421 422 423 424]
Success
Day: 420
Epoch: 6
Epoch: 5
data1_predict_price: [1456.72875 1392.2525  1628.12    1700.94375 1288.06875]
data1_predict_date: [421 422 423 424 425]
data2_predict_price: [198765.85895182 258762.4957045  567103.66571641 733024.7611093
 683585.70008167]
data2_predict_date: [421 422 423 424 425]
Success
Day: 421
Epoch: 7
Epoch: 5
data1_predict_price: [1206.42375 1442.29125 1515.115   1102.24    1228.2675 ]
data1_predict_date: [422 423 424 425 428]
data2_predict_price: [ 66985.70841968 375326.87843159 541247.97382448 491808.91279685
 231167.52281328]
data2_predict_date: [422 423 424 425 426]
Success
Day: 422
Epoch: 7
Epoch: 5
data1_predict_price: [1511.4675  1584.29125 1171.41625 1297.44375 1457.79625]
data1_predict_date: [423 424 425 428 429]
data2_predict_price: [315433.29724491 481354.39263781 431915.33161017 171273.9416266
 242601.17933567]
data2_predict_date: [423 424 425 426 427]
Success
Day: 423
Epoch: 8
Epoch: 7
data1_predict_price: [1356.82375  943.94875 1069.97625 1230.32875 1517.68375]
data1_predict_date: [424 425 428 429 430]
data2_predict_price: [ 173049.73539289  123610.67436526 -137030.71561831  -65703.47790925
  -40399.82963469]
data2_predict_date: [424 425 426 427 428]
Success
Day: 424
Epoch: 12
Epoch: 5
data1_predict_price: [ 871.925   997.9525 1158.305  1445.66   1472.145 ]
data1_predict_date: [425 428 429 430 431]
data2_predict_price: [ -42281.02396764 -302922.4139512  -231595.17624214 -206291.52796759
 -185909.3795762 ]
data2_predict_date: [425 426 427 428 429]
Success
Day: 425
Epoch: 11
Epoch: 6
data1_predict_price: [1410.3275 1570.68   1858.035  1884.52   1866.3825]
data1_predict_date: [428 429 430 431 432]
data2_predict_price: [-253921.99213357 -182594.7544245  -157291.10614995 -136908.95775857
 -440238.9082667 ]
data2_predict_date: [426 427 428 429 430]
Success
Day: 426
Epoch: 20
Epoch: 5
data1_predict_price: [1410.3275 1570.68   1858.035  1884.52   1866.3825]
data1_predict_date: [428 429 430 431 432]
data2_predict_price: [  77896.45770906  103200.10598362  123582.254375   -179747.69613314
 -283566.54401452]
data2_predict_date: [427 428 429 430 431]
Success
Day: 427
Epoch: 7
Epoch: 10
data1_predict_price: [1410.3275 1570.68   1858.035  1884.52   1866.3825]
data1_predict_date: [428 429 430 431 432]
data2_predict_price: [   34771.46795774    58153.44130171  -291619.36886495  -411408.4293919
 -1091476.72670327]
data2_predict_date: [428 429 430 431 432]
Success
Day: 428
Epoch: 15
Epoch: 5
data1_predict_price: [1438.3025  1725.6575  1752.1425  1734.005   1515.06625]
data1_predict_date: [429 430 431 432 435]
data2_predict_price: [   31334.86383318  -338632.67266723  -465305.49906107 -1184685.30890807
  -481343.15951526]
data2_predict_date: [429 430 431 432 433]
Success
Day: 429
Epoch: 5
Epoch: 5
data1_predict_price: [1561.955   1588.44    1570.3025  1351.36375 1235.4    ]
data1_predict_date: [430 431 432 435 436]
data2_predict_price: [ -363473.90650041  -490146.73289425 -1209526.54274125  -506184.39334844
  -553929.50444551]
data2_predict_date: [430 431 432 433 434]
Success
Day: 430
Epoch: 13
Epoch: 5
data1_predict_price: [1308.685   1290.5475  1071.60875  955.645   1215.54   ]
data1_predict_date: [431 432 435 436 437]
data2_predict_price: [-119371.39647384 -838751.20632084 -135409.05692803 -183154.1680251
  498152.70809892]
data2_predict_date: [431 432 433 434 435]
Success
Day: 431
Epoch: 11
Epoch: 30
data1_predict_price: [1261.8625  1042.92375  926.96    1186.855   1110.365  ]
data1_predict_date: [432 435 436 437 438]
data2_predict_price: [-711564.779147     -8222.62975419  -55967.74085126  625339.13527276
 1058511.93035416]
data2_predict_date: [432 433 434 435 436]
Success
Day: 432
Epoch: 12
Epoch: 7
data1_predict_price: [1065.41125  949.4475  1209.3425  1132.8525  1281.19125]
data1_predict_date: [435 436 437 438 439]
data2_predict_price: [ 711210.91939281  663465.80829574 1344772.68441976 1777945.47950117
 1823260.90101343]
data2_predict_date: [433 434 435 436 437]
Success
Day: 433
Epoch: 19
Epoch: 6
data1_predict_price: [1065.41125  949.4475  1209.3425  1132.8525  1281.19125]
data1_predict_date: [435 436 437 438 439]
data2_predict_price: [ -39927.97071407  641378.90540995 1074551.70049136 1119867.12200362
 1076312.06146671]
data2_predict_date: [434 435 436 437 438]
Success
Day: 434
Epoch: 18
Epoch: 6
data1_predict_price: [1065.41125  949.4475  1209.3425  1132.8525  1281.19125]
data1_predict_date: [435 436 437 438 439]
data2_predict_price: [ 689314.53019102 1122487.32527243 1167802.74678469 1124247.68624778
 1284921.65736019]
data2_predict_date: [435 436 437 438 439]
Success
Day: 435
Epoch: 11
Epoch: 5
data1_predict_price: [1170.23625 1430.13125 1353.64125 1501.98    1564.50625]
data1_predict_date: [436 437 438 439 442]
data2_predict_price: [441222.5150814  486537.93659367 442982.87605676 603656.84716917
 639126.69199749]
data2_predict_date: [436 437 438 439 440]
Success
Day: 436
Epoch: 12
Epoch: 13
data1_predict_price: [1543.195   1466.705   1615.04375 1677.57    1577.0525 ]
data1_predict_date: [437 438 439 442 443]
data2_predict_price: [ 53375.22151226   9820.16097535 170494.13208776 205963.97691609
 214456.17629227]
data2_predict_date: [437 438 439 440 441]
Success
Day: 437
Epoch: 14
Epoch: 24
data1_predict_price: [1210.46    1358.79875 1421.325   1320.8075  1445.11875]
data1_predict_date: [438 439 442 443 444]
data2_predict_price: [-35287.02553691 125386.9455755  160856.79040382 169348.98978
 344969.51192763]
data2_predict_date: [438 439 440 441 442]
Success
Day: 438
Epoch: 7
Epoch: 18
data1_predict_price: [1438.68875 1501.215   1400.6975  1525.00875 1640.73875]
data1_predict_date: [439 442 443 444 445]
data2_predict_price: [168910.69111241 204380.53594073 212872.73531691 388493.25746454
 362071.99555473]
data2_predict_date: [439 440 441 442 443]
Success
Day: 439
Epoch: 5
Epoch: 33
data1_predict_price: [1353.02625 1252.50875 1376.82    1492.55    1496.72375]
data1_predict_date: [442 443 444 445 446]
data2_predict_price: [ 43720.82316132  52213.0225375  227833.54468513 201412.28277532
 213428.58089375]
data2_predict_date: [440 441 442 443 444]
Success
Day: 440
Epoch: 14
Epoch: 18
data1_predict_price: [1353.02625 1252.50875 1376.82    1492.55    1496.72375]
data1_predict_date: [442 443 444 445 446]
data2_predict_price: [ 17199.60664318 192820.1287908  166398.866881   178415.16499943
 563367.95689279]
data2_predict_date: [441 442 443 444 445]
Success
Day: 441
Epoch: 7
Epoch: 8
data1_predict_price: [1353.02625 1252.50875 1376.82    1492.55    1496.72375]
data1_predict_date: [442 443 444 445 446]
data2_predict_price: [184389.32214762 157968.06023782 169984.35835625 554937.15024961
 606707.646934  ]
data2_predict_date: [442 443 444 445 446]
Success
Day: 442
Epoch: 5
Epoch: 16
data1_predict_price: [1194.3825  1318.69375 1434.42375 1438.5975  1588.6525 ]
data1_predict_date: [443 444 445 446 449]
data2_predict_price: [ -18454.70549305   -5556.71146847  405828.40553306  461204.23821713
 1316943.85901855]
data2_predict_date: [443 444 445 446 447]
Success
Day: 443
Epoch: 7
Epoch: 10
data1_predict_price: [1416.16125 1531.89125 1536.065   1686.12    1580.45375]
data1_predict_date: [444 445 446 449 450]
data2_predict_price: [  22850.50284459  434235.61984611  489611.45253018 1345351.0733316
 1556474.38825052]
data2_predict_date: [444 445 446 447 448]
Success
Day: 444
Epoch: 5
Epoch: 13
data1_predict_price: [1399.58    1403.75375 1553.80875 1448.1425  1172.5675 ]
data1_predict_date: [445 446 449 450 451]
data2_predict_price: [ 421304.11700153  476679.9496856  1332419.57048702 1543542.88540594
 1513392.7995068 ]
data2_predict_date: [445 446 447 448 449]
Success
Day: 445
Epoch: 5
Epoch: 17
data1_predict_price: [1284.37375 1434.42875 1328.7625  1053.1875   926.92625]
data1_predict_date: [446 449 450 451 452]
data2_predict_price: [  65523.20468407  921262.82548549 1132386.14040441 1102236.05450527
 1308094.72696463]
data2_predict_date: [446 447 448 449 450]
Success
Day: 446
Epoch: 10
Epoch: 18
data1_predict_price: [1425.555   1319.88875 1044.31375  918.0525   755.75   ]
data1_predict_date: [449 450 451 452 453]
data2_predict_price: [ 866623.53280142 1077746.84772034 1047596.7618212  1253455.43428056
 1917278.53008915]
data2_predict_date: [447 448 449 450 451]
Success
Day: 447
Epoch: 7
Epoch: 20
data1_predict_price: [1425.555   1319.88875 1044.31375  918.0525   755.75   ]
data1_predict_date: [449 450 451 452 453]
data2_predict_price: [ 222003.19491892  191853.10901978  397711.78147914 1061534.87728773
 1057949.50005476]
data2_predict_date: [448 449 450 451 452]
Success
Day: 448
Epoch: 6
Epoch: 5
data1_predict_price: [1425.555   1319.88875 1044.31375  918.0525   755.75   ]
data1_predict_date: [449 450 451 452 453]
data2_predict_price: [ -18817.46389914  187041.20856022  850864.30436881  847278.92713584
 1255341.3543906 ]
data2_predict_date: [449 450 451 452 453]
Success
Day: 449
Epoch: 12
Epoch: 28
data1_predict_price: [1167.78375  892.20875  765.9475   603.645    532.30375]
data1_predict_date: [450 451 452 453 456]
data2_predict_price: [ 217443.50245936  881266.59826795  877681.22103498 1285743.64828974
 1513083.48444881]
data2_predict_date: [450 451 452 453 454]
Success
