Day: 150
Epoch: 26
Epoch: 73
data1_predict_price: [1803.17  1590.195 1942.69  2069.615 2408.205]
data1_predict_date: [151 152 155 156 157]
data2_predict_price: [3248.94966129 3616.381745   2372.95402625 5565.980345   5891.617295  ]
data2_predict_date: [151 152 153 154 155]
Success
Day: 151
Epoch: 37
Epoch: 66
data1_predict_price: [1023.825 1376.32  1503.245 1841.835 1673.665]
data1_predict_date: [152 155 156 157 158]
data2_predict_price: [ 1343.5350837    100.10736496  3293.1336837   3618.7706337
 -5807.3853213 ]
data2_predict_date: [152 153 154 155 156]
Success
Day: 152
Epoch: 28
Epoch: 79
data1_predict_price: [1580.795 1707.72  2046.31  1878.14  1611.09 ]
data1_predict_date: [155 156 157 158 159]
data2_predict_price: [ -244.32421875  2948.7021      3274.33905    -6151.816905
 -3338.6855475 ]
data2_predict_date: [153 154 155 156 157]
Success
Day: 153
Epoch: 28
Epoch: 81
data1_predict_price: [1580.795 1707.72  2046.31  1878.14  1611.09 ]
data1_predict_date: [155 156 157 158 159]
data2_predict_price: [ 4190.61631875  4516.25326875 -4909.90268625 -2096.77132875
 -2291.87548125]
data2_predict_date: [154 155 156 157 158]
Success
Day: 154
Epoch: 22
Epoch: 104
data1_predict_price: [1580.795 1707.72  2046.31  1878.14  1611.09 ]
data1_predict_date: [155 156 157 158 159]
data2_predict_price: [ 1326.241575   -8099.91438    -5286.7830225  -5481.887175
 -5121.32246812]
data2_predict_date: [155 156 157 158 159]
Success
Day: 155
Epoch: 35
Epoch: 77
data1_predict_price: [1349.175 1687.765 1519.595 1252.545 1061.2  ]
data1_predict_date: [156 157 158 159 162]
data2_predict_price: [-8426.27858    -5613.1472225  -5808.251375   -5447.68666812
 -5546.30615187]
data2_predict_date: [156 157 158 159 160]
Success
Day: 156
Epoch: 49
Epoch: 86
data1_predict_price: [1569.34  1401.17  1134.12   942.775 1201.025]
data1_predict_date: [157 158 159 162 163]
data2_predict_price: [3814.3313575  3619.227205   3979.79191188 3881.17242813 4034.103355  ]
data2_predict_date: [157 158 159 160 161]
Success
Day: 157
Epoch: 30
Epoch: 180
data1_predict_price: [1056.23   789.18   597.835  856.085  655.47 ]
data1_predict_date: [158 159 162 163 164]
data2_predict_price: [ 817.2218355  1177.78654238 1079.16705862 1232.0979855  2588.04860292]
data2_predict_date: [158 159 160 161 162]
Success
Day: 158
Epoch: 36
Epoch: 79
data1_predict_price: [ 973.5    782.155 1040.405  839.79  1334.425]
data1_predict_date: [159 162 163 164 165]
data2_predict_price: [1395.77283188 1297.15334812 1450.084275   2806.03489242 5604.64133438]
data2_predict_date: [159 160 161 162 163]
Success
Day: 159
Epoch: 33
Epoch: 82
data1_predict_price: [1050.605 1308.855 1108.24  1602.875 1641.735]
data1_predict_date: [162 163 164 165 166]
data2_predict_price: [ 936.58051625 1089.51144312 2445.46206054 5244.0685025  5233.69644312]
data2_predict_date: [160 161 162 163 164]
Success
Day: 160
Epoch: 115
Epoch: 164
data1_predict_price: [1050.605 1308.855 1108.24  1602.875 1641.735]
data1_predict_date: [162 163 164 165 166]
data2_predict_price: [1209.56806488 2565.5186823  5364.12512425 5353.75306488 7975.03645455]
data2_predict_date: [161 162 163 164 165]
Success
Day: 161
Epoch: 37
Epoch: 92
data1_predict_price: [1050.605 1308.855 1108.24  1602.875 1641.735]
data1_predict_date: [162 163 164 165 166]
data2_predict_price: [2408.72990342 5207.33634538 5196.964286   7818.24767567 7335.45636749]
data2_predict_date: [162 163 164 165 166]
Success
Day: 162
Epoch: 31
Epoch: 56
data1_predict_price: [1495.55  1294.935 1789.57  1828.43  1680.345]
data1_predict_date: [163 164 165 166 169]
data2_predict_price: [3849.47644196 3839.10438258 6460.38777225 5977.59646407 5733.92343258]
data2_predict_date: [163 164 165 166 167]
Success
Day: 163
Epoch: 27
Epoch: 69
data1_predict_price: [1032.585 1527.22  1566.08  1417.995 1286.905]
data1_predict_date: [164 165 166 169 170]
data2_predict_price: [ 1113.41636962  3734.69975929  3251.90845111  3008.23541962
 11947.04543436]
data2_predict_date: [164 165 166 167 168]
Success
Day: 164
Epoch: 12
Epoch: 72
data1_predict_price: [1731.285 1770.145 1622.06  1490.97  1593.175]
data1_predict_date: [165 166 169 170 171]
data2_predict_price: [ 3744.50657767  3261.71526949  3018.042238   11956.85225273
 11878.11370342]
data2_predict_date: [165 166 167 168 169]
Success
Day: 165
Epoch: 26
Epoch: 79
data1_predict_price: [1286.76  1138.675 1007.585 1109.79  1453.015]
data1_predict_date: [166 169 170 171 172]
data2_predict_price: [  647.21869182   403.54566033  9342.35567506  9263.61712575
 10087.08576033]
data2_predict_date: [166 167 168 169 170]
Success
Day: 166
Epoch: 30
Epoch: 85
data1_predict_price: [1105.565  974.475 1076.68  1419.905 1593.18 ]
data1_predict_date: [169 170 171 172 173]
data2_predict_price: [  931.19321851  9870.00323324  9791.26468393 10614.73331851
 16109.89303726]
data2_predict_date: [167 168 169 170 171]
Success
Day: 167
Epoch: 28
Epoch: 92
data1_predict_price: [1105.565  974.475 1076.68  1419.905 1593.18 ]
data1_predict_date: [169 170 171 172 173]
data2_predict_price: [10089.41572874 10010.67717942 10834.145814   16329.30553275
 13342.79885751]
data2_predict_date: [168 169 170 171 172]
Success
Day: 168
Epoch: 22
Epoch: 66
data1_predict_price: [1105.565  974.475 1076.68  1419.905 1593.18 ]
data1_predict_date: [169 170 171 172 173]
data2_predict_price: [1071.63145068 1895.10008527 7390.25980402 4403.75312878 4365.45248526]
data2_predict_date: [169 170 171 172 173]
Success
Day: 169
Epoch: 5
Epoch: 99
data1_predict_price: [1126.11  1228.315 1571.54  1744.815 1850.11 ]
data1_predict_date: [170 171 172 173 176]
data2_predict_price: [2014.22058458 7509.38030333 4522.87362809 4484.57298458 9430.66897883]
data2_predict_date: [170 171 172 173 174]
Success
Day: 170
Epoch: 14
Epoch: 70
data1_predict_price: [1357.805 1701.03  1874.305 1979.6   1925.76 ]
data1_predict_date: [171 172 173 176 177]
data2_predict_price: [6682.72500475 3696.21832951 3657.917686   8604.01368025 8203.58720749]
data2_predict_date: [171 172 173 174 175]
Success
Day: 171
Epoch: 21
Epoch: 86
data1_predict_price: [1583.625 1756.9   1862.195 1808.355 1334.275]
data1_predict_date: [172 173 176 177 178]
data2_predict_price: [-1795.61667524 -1833.91731875  3112.1786755   2711.75220274
  3110.36948125]
data2_predict_date: [172 173 174 175 176]
Success
Day: 172
Epoch: 11
Epoch: 66
data1_predict_price: [1411.375 1516.67  1462.83   988.75   913.28 ]
data1_predict_date: [173 176 177 178 179]
data2_predict_price: [ 1221.11017349  6167.20616774  5766.77969498  6165.39697349
 14564.55403164]
data2_predict_date: [173 174 175 176 177]
Success
Day: 173
Epoch: 16
Epoch: 59
data1_predict_price: [1331.795 1277.955  803.875  728.405  365.565]
data1_predict_date: [176 177 178 179 180]
data2_predict_price: [ 6231.23599425  5830.80952149  6229.4268     14628.58385816
 17776.56555   ]
data2_predict_date: [174 175 176 177 178]
Success
Day: 174
Epoch: 9
Epoch: 195
data1_predict_price: [1331.795 1277.955  803.875  728.405  365.565]
data1_predict_date: [176 177 178 179 180]
data2_predict_price: [  886.57352724  1285.19080575  9684.3478639  12832.32955575
 13051.20445575]
data2_predict_date: [175 176 177 178 179]
Success
Day: 175
Epoch: 28
Epoch: 73
data1_predict_price: [1331.795 1277.955  803.875  728.405  365.565]
data1_predict_date: [176 177 178 179 180]
data2_predict_price: [ 1669.55057851 10068.70763666 13216.68932851 13435.56422851
 11454.56413801]
data2_predict_date: [176 177 178 179 180]
Success
Day: 176
Epoch: 30
Epoch: 68
data1_predict_price: [1177.11   703.03   627.56   264.72   397.825]
data1_predict_date: [177 178 179 180 183]
data2_predict_price: [ 9674.35443315 12822.336125   13041.211025   11060.2109345
 11574.10189812]
data2_predict_date: [177 178 179 180 181]
Success
Day: 177
Epoch: 64
Epoch: 50
data1_predict_price: [742.57  667.1   304.26  437.365  -8.905]
data1_predict_date: [178 179 180 183 184]
data2_predict_price: [4427.48169185 4646.35659185 2665.35650134 3179.24746497 3697.86909185]
data2_predict_date: [178 179 180 181 182]
Success
Day: 178
Epoch: 30
Epoch: 21
data1_predict_price: [1133.73   770.89   903.995  457.725  223.12 ]
data1_predict_date: [179 180 183 184 185]
data2_predict_price: [  1376.2682       -604.7318905     -90.84092688    427.7807
 -14565.9179905 ]
data2_predict_date: [179 180 181 182 183]
Success
Day: 179
Epoch: 26
Epoch: 54
data1_predict_price: [843.71  976.815 530.545 295.94  209.655]
data1_predict_date: [180 183 184 185 186]
data2_predict_price: [  -788.5309475    -274.63998388    243.981643   -14749.7170475
 -10454.75997376]
data2_predict_date: [180 181 182 183 184]
Success
Day: 180
Epoch: 30
Epoch: 11
data1_predict_price: [1335.755  889.485  654.88   568.595  443.685]
data1_predict_date: [183 184 185 186 187]
data2_predict_price: [  1705.98096363   2224.6025905  -12769.0961      -8474.13902625
  -8530.0405595 ]
data2_predict_date: [181 182 183 184 185]
Success
Day: 181
Epoch: 24
Epoch: 61
data1_predict_price: [1335.755  889.485  654.88   568.595  443.685]
data1_predict_date: [183 184 185 186 187]
data2_predict_price: [  1697.78150188 -13295.91718863  -9000.96011488  -9056.86164813
 -10652.9569375 ]
data2_predict_date: [182 183 184 185 186]
Success
Day: 182
Epoch: 27
Epoch: 22
data1_predict_price: [1335.755  889.485  654.88   568.595  443.685]
data1_predict_date: [183 184 185 186 187]
data2_predict_price: [-13766.2040655   -9471.24699176  -9527.148525   -11123.24381437
  -5201.21996812]
data2_predict_date: [183 184 185 186 187]
Success
Day: 183
Epoch: 18
Epoch: 51
data1_predict_price: [757.93  523.325 437.04  312.13  355.625]
data1_predict_date: [184 185 186 187 190]
data2_predict_price: [5522.63707375 5466.7355405  3870.64025113 9792.66409738 9806.0373905 ]
data2_predict_date: [184 185 186 187 188]
Success
Day: 184
Epoch: 15
Epoch: 41
data1_predict_price: [969.995 883.71  758.8   802.295 810.255]
data1_predict_date: [185 186 187 190 191]
data2_predict_price: [1189.46925275 -406.62603662 5515.39780963 5528.77110276 7690.32090674]
data2_predict_date: [185 186 187 188 189]
Success
Day: 185
Epoch: 14
Epoch: 15
data1_predict_price: [1112.515  987.605 1031.1   1039.06   855.44 ]
data1_predict_date: [186 187 190 191 192]
data2_predict_price: [-338.69566437 5583.32818188 5596.701475   7758.25127899 9224.99525688]
data2_predict_date: [186 187 188 189 190]
Success
Day: 186
Epoch: 12
Epoch: 66
data1_predict_price: [1098.5675  1147.22625 1158.02125  964.68125 1968.165  ]
data1_predict_date: [187 190 191 192 193]
data2_predict_price: [ 7179.02384625  7192.39713938  9353.94694336 10820.69092125
 10762.27593937]
data2_predict_date: [187 188 189 190 191]
Success
Day: 187
Epoch: 23
Epoch: 25
data1_predict_price: [1278.25875 1289.05375 1095.71375 2099.1975  2105.05375]
data1_predict_date: [190 191 192 193 194]
data2_predict_price: [  1090.80322638   3533.91083409   5186.70091468   5104.6755803
 -18068.52894748]
data2_predict_date: [188 189 190 191 192]
Success
Day: 188
Epoch: 12
Epoch: 63
data1_predict_price: [1278.25875 1289.05375 1095.71375 2099.1975  2105.05375]
data1_predict_date: [190 191 192 193 194]
data2_predict_price: [  3395.33997021   5048.1300508    4966.10471642 -18207.09981136
 -37627.08637537]
data2_predict_date: [189 190 191 192 193]
Success
Day: 189
Epoch: 16
Epoch: 78
data1_predict_price: [1278.25875 1289.05375 1095.71375 2099.1975  2105.05375]
data1_predict_date: [190 191 192 193 194]
data2_predict_price: [  2620.48008059   2538.45474621 -20634.74978157 -40054.73634558
 -37923.34066315]
data2_predict_date: [190 191 192 193 194]
Success
Day: 190
Epoch: 16
Epoch: 87
data1_predict_price: [1243.195   1049.855   2053.33875 2059.195   2149.01   ]
data1_predict_date: [191 192 193 194 197]
data2_predict_price: [   967.05915362 -22206.14537416 -41626.13193817 -39494.73625574
 -28159.60754066]
data2_predict_date: [191 192 193 194 195]
Success
Day: 191
Epoch: 5
Epoch: 129
data1_predict_price: [1048.26    2051.74375 2057.6     2147.415   2447.95   ]
data1_predict_date: [192 193 194 197 198]
data2_predict_price: [-22054.57448478 -41474.56104879 -39343.16536636 -28008.03665128
 -18326.83006361]
data2_predict_date: [192 193 194 195 196]
Success
Day: 192
Epoch: 26
Epoch: 7
data1_predict_price: [2252.53375 2258.39    2348.205   2648.74    2891.65625]
data1_predict_date: [193 194 197 198 199]
data2_predict_price: [-18306.98656401 -16175.59088158  -4840.46216649   4840.74442118
   4028.63612778]
data2_predict_date: [193 194 195 196 197]
Success
Day: 193
Epoch: 32
Epoch: 13
data1_predict_price: [1253.35625 1343.17125 1643.70625 1886.6225  1833.21375]
data1_predict_date: [194 197 198 199 200]
data2_predict_price: [ 3170.18468243 14505.31339751 24186.51998518 23374.41169179
 12989.49525597]
data2_predict_date: [194 195 196 197 198]
Success
Day: 194
Epoch: 11
Epoch: 154
data1_predict_price: [1337.315   1637.85    1880.76625 1827.3575  1824.9825 ]
data1_predict_date: [197 198 199 200 201]
data2_predict_price: [12277.04842938 21958.25501705 21146.14672366 10761.23028784
 -2786.42156798]
data2_predict_date: [195 196 197 198 199]
Success
Day: 195
Epoch: 5
Epoch: 117
data1_predict_price: [1337.315   1637.85    1880.76625 1827.3575  1824.9825 ]
data1_predict_date: [197 198 199 200 201]
data2_predict_price: [ 10609.13658767   9797.02829428   -587.88814154 -14135.53999737
 -16114.52511764]
data2_predict_date: [196 197 198 199 200]
Success
Day: 196
Epoch: 41
Epoch: 17
data1_predict_price: [1337.315   1637.85    1880.76625 1827.3575  1824.9825 ]
data1_predict_date: [197 198 199 200 201]
data2_predict_price: [   144.67801911 -10240.23841671 -23787.89027254 -25766.87539281
 -21765.23830886]
data2_predict_date: [197 198 199 200 201]
Success
Day: 197
Epoch: 12
Epoch: 99
data1_predict_price: [1558.085   1801.00125 1747.5925  1745.2175  2073.73875]
data1_predict_date: [198 199 200 201 204]
data2_predict_price: [ -9347.68718582 -22895.33904164 -24874.32416192 -20872.68707797
  -9670.37964116]
data2_predict_date: [198 199 200 201 202]
Success
Day: 198
Epoch: 13
Epoch: 128
data1_predict_price: [1500.16625 1446.7575  1444.3825  1772.90375 1760.65125]
data1_predict_date: [199 200 201 204 205]
data2_predict_price: [-12506.61185583 -14485.5969761  -10483.95989215    718.34754465
   1224.02343006]
data2_predict_date: [199 200 201 202 203]
Success
Day: 199
Epoch: 24
Epoch: 9
data1_predict_price: [1197.69125 1195.31625 1523.8375  1511.585   1306.72125]
data1_predict_date: [200 201 204 205 206]
data2_predict_price: [ -938.40962028  3063.22746368 14265.53490048 14771.21078588
 14680.12993587]
data2_predict_date: [200 201 202 203 204]
Success
Day: 200
Epoch: 26
Epoch: 5
data1_predict_price: [1246.425   1574.94625 1562.69375 1357.83    1279.7275 ]
data1_predict_date: [201 204 205 206 207]
data2_predict_price: [ 5039.54163395 16241.84907076 16747.52495616 16656.44410615
 16257.37801577]
data2_predict_date: [201 202 203 204 205]
Success
Day: 201
Epoch: 12
Epoch: 121
data1_predict_price: [1573.37125 1561.11875 1356.255   1278.1525  1145.72375]
data1_predict_date: [204 205 206 207 208]
data2_predict_price: [12237.0474368  12742.72332221 12651.64247219 12252.57638182
 11784.61160141]
data2_predict_date: [202 203 204 205 206]
Success
Day: 202
Epoch: 5
Epoch: 130
data1_predict_price: [1573.37125 1561.11875 1356.255   1278.1525  1145.72375]
data1_predict_date: [204 205 206 207 208]
data2_predict_price: [1592.6054564  1501.52460639 1102.45851602  634.4937356  7893.08168068]
data2_predict_date: [203 204 205 206 207]
Success
Day: 203
Epoch: 9
Epoch: 7
data1_predict_price: [1573.37125 1561.11875 1356.255   1278.1525  1145.72375]
data1_predict_date: [204 205 206 207 208]
data2_predict_price: [1008.08827499  609.02218461  141.0574042  7399.64534928 9081.84788423]
data2_predict_date: [204 205 206 207 208]
Success
Day: 204
Epoch: 22
Epoch: 189
data1_predict_price: [1234.9975  1030.13375  952.03125  819.6025   896.2475 ]
data1_predict_date: [205 206 207 208 211]
data2_predict_price: [ 680.92390963  212.95912921 7471.54707429 9153.74960924 6450.40549521]
data2_predict_date: [205 206 207 208 209]
Success
Day: 205
Epoch: 12
Epoch: 125
data1_predict_price: [1052.78625  974.68375  842.255    918.9     1258.945  ]
data1_predict_date: [206 207 208 211 212]
data2_predict_price: [  673.63558259  7932.22352767  9614.42606262  6911.08194859
 15484.66225176]
data2_predict_date: [206 207 208 209 210]
Success
Day: 206
Epoch: 26
Epoch: 138
data1_predict_price: [1167.6975  1035.26875 1111.91375 1451.95875 1059.4225 ]
data1_predict_date: [207 208 211 212 213]
data2_predict_price: [ 8391.66725908 10073.86979403  7370.52568    15944.10598317
 14728.45934638]
data2_predict_date: [207 208 209 210 211]
Success
Day: 207
Epoch: 23
Epoch: 135
data1_predict_price: [1120.07125 1196.71625 1536.76125 1144.225   1362.4475 ]
data1_predict_date: [208 211 212 213 214]
data2_predict_price: [2815.73253495  112.38842092 8685.96872409 7470.3220873  7506.98661116]
data2_predict_date: [208 209 210 211 212]
Success
Day: 208
Epoch: 29
Epoch: 17
data1_predict_price: [1343.095   1683.14    1290.60375 1508.82625 1965.755  ]
data1_predict_date: [211 212 213 214 219]
data2_predict_price: [-1512.88986403  7060.69043914  5845.04380235  5881.70832621
 13801.18196997]
data2_predict_date: [209 210 211 212 213]
Success
Day: 209
Epoch: 16
Epoch: 127
data1_predict_price: [1343.095   1683.14    1290.60375 1508.82625 1965.755  ]
data1_predict_date: [211 212 213 214 219]
data2_predict_price: [ 9754.73014117  8539.08350438  8575.74802824 16495.221672
 15170.23005034]
data2_predict_date: [210 211 212 213 214]
Success
Day: 210
Epoch: 21
Epoch: 116
data1_predict_price: [1343.095   1683.14    1290.60375 1508.82625 1965.755  ]
data1_predict_date: [211 212 213 214 219]
data2_predict_price: [-3.16166368e+01  5.04788707e+00  7.92452153e+03  6.59952991e+03
  6.97531055e+03]
data2_predict_date: [211 212 213 214 215]
Success
Day: 211
Epoch: 24
Epoch: 13
data1_predict_price: [1590.095   1197.55875 1415.78125 1872.71    1330.365  ]
data1_predict_date: [212 213 214 219 220]
data2_predict_price: [ 1244.40939886  9163.88304262  7838.89142097  8214.67205886
 11498.6464429 ]
data2_predict_date: [212 213 214 215 216]
Success
Day: 212
Epoch: 71
Epoch: 127
data1_predict_price: [ 860.36375 1078.58625 1535.515    993.17    1084.63125]
data1_predict_date: [213 214 219 220 221]
data2_predict_price: [ 9146.09068176  7821.0990601   8196.879698   11480.85408203
 14088.86308307]
data2_predict_date: [213 214 215 216 217]
Success
Day: 213
Epoch: 15
Epoch: 196
data1_predict_price: [1492.5225  1949.45125 1407.10625 1498.5675  2200.7875 ]
data1_predict_date: [214 219 220 221 222]
data2_predict_price: [-105.90162166  269.87901624 3553.85340028 6161.86240131 5084.9638516 ]
data2_predict_date: [214 215 216 217 218]
Success
Day: 214
Epoch: 5
Epoch: 143
data1_predict_price: [1741.07875 1198.73375 1290.195   1992.415   2314.35125]
data1_predict_date: [219 220 221 222 225]
data2_predict_price: [1555.8043509  4839.77873493 7447.78773596 6370.88918626  891.61433794]
data2_predict_date: [215 216 217 218 219]
Success
Day: 215
Epoch: 17
Epoch: 143
data1_predict_price: [1741.07875 1198.73375 1290.195   1992.415   2314.35125]
data1_predict_date: [219 220 221 222 225]
data2_predict_price: [4469.23444103 7077.24344207 6000.34489236  521.07004404 1225.73612217]
data2_predict_date: [216 217 218 219 220]
Success
Day: 216
Epoch: 14
Epoch: 7
data1_predict_price: [1741.07875 1198.73375 1290.195   1992.415   2314.35125]
data1_predict_date: [219 220 221 222 225]
data2_predict_price: [ 3778.36900103  2701.47045133 -2777.80439699 -2073.13831886
 -4179.19276555]
data2_predict_date: [217 218 219 220 221]
Success
Day: 217
Epoch: 35
Epoch: 116
data1_predict_price: [1741.07875 1198.73375 1290.195   1992.415   2314.35125]
data1_predict_date: [219 220 221 222 225]
data2_predict_price: [  110.02886329 -5369.24598503 -4664.57990689 -6770.63435359
 -4484.33170562]
data2_predict_date: [218 219 220 221 222]
Success
Day: 218
Epoch: 37
Epoch: 102
data1_predict_price: [1741.07875 1198.73375 1290.195   1992.415   2314.35125]
data1_predict_date: [219 220 221 222 225]
data2_predict_price: [-4273.63997332 -3568.97389519 -5675.02834188 -3388.72569391
  -803.70632649]
data2_predict_date: [219 220 221 222 223]
Success
Day: 219
Epoch: 19
Epoch: 98
data1_predict_price: [ 736.605    828.06625 1530.28625 1852.2225  1678.6375 ]
data1_predict_date: [220 221 222 225 226]
data2_predict_price: [1881.63607813 -224.41836856 2061.88427941 4646.90364683  619.5000736 ]
data2_predict_date: [220 221 222 223 224]
Success
Day: 220
Epoch: 11
Epoch: 115
data1_predict_price: [1370.51125 2072.73125 2394.6675  2221.0825  2222.     ]
data1_predict_date: [221 222 225 226 227]
data2_predict_price: [-888.12435869 1398.17828928 3983.1976567   -44.20591653 5646.92524463]
data2_predict_date: [221 222 223 224 225]
Success
Day: 221
Epoch: 11
Epoch: 93
data1_predict_price: [1984.32    2306.25625 2132.67125 2133.58875 2231.635  ]
data1_predict_date: [222 225 226 227 228]
data2_predict_price: [ 3527.98897297  6113.00834039  2085.60476716  7776.73592832
 11066.48378807]
data2_predict_date: [222 223 224 225 226]
Success
Day: 222
Epoch: 24
Epoch: 143
data1_predict_price: [1603.78625 1430.20125 1431.11875 1529.165   1518.55875]
data1_predict_date: [225 226 227 228 229]
data2_predict_price: [3821.64936743 -205.75420581 5485.37695535 8775.12481511 8043.09840715]
data2_predict_date: [223 224 225 226 227]
Success
Day: 223
Epoch: 6
Epoch: 122
data1_predict_price: [1603.78625 1430.20125 1431.11875 1529.165   1518.55875]
data1_predict_date: [225 226 227 228 229]
data2_predict_price: [-2766.09234823  2925.03881292  6214.78667268  5482.76026473
  8901.62170128]
data2_predict_date: [224 225 226 227 228]
Success
Day: 224
Epoch: 12
Epoch: 156
data1_predict_price: [1603.78625 1430.20125 1431.11875 1529.165   1518.55875]
data1_predict_date: [225 226 227 228 229]
data2_predict_price: [ 6949.11927416 10238.86713391  9506.84072596 12925.70216251
 12435.60465501]
data2_predict_date: [225 226 227 228 229]
Success
Day: 225
Epoch: 22
Epoch: 44
data1_predict_price: [1095.815   1096.7325  1194.77875 1184.1725   771.88125]
data1_predict_date: [226 227 228 229 233]
data2_predict_price: [4530.58785976 3798.5614518  7217.42288835 6727.32538085 4307.47815956]
data2_predict_date: [226 227 228 229 230]
Success
Day: 226
Epoch: 33
Epoch: 71
data1_predict_price: [1268.7175  1366.76375 1356.1575   943.86625  888.81125]
data1_predict_date: [227 228 229 233 234]
data2_predict_price: [ 547.38828005 3966.24971659 3476.15220909 1056.30498781 6414.47234178]
data2_predict_date: [227 228 229 230 231]
Success
Day: 227
Epoch: 12
Epoch: 195
data1_predict_price: [1359.89625 1349.29     936.99875  881.94375  683.665  ]
data1_predict_date: [228 229 233 234 235]
data2_predict_price: [ 4727.97131155  4237.87380405  1818.02658276  7176.19393673
 11294.92452587]
data2_predict_date: [228 229 230 231 232]
Success
Day: 228
Epoch: 11
Epoch: 82
data1_predict_price: [1252.19375  839.9025   784.8475   586.56875  615.4725 ]
data1_predict_date: [229 233 234 235 236]
data2_predict_price: [  797.9224925  -1621.92472879  3736.24262519  7854.97321432
  4884.91886529]
data2_predict_date: [229 230 231 232 233]
Success
Day: 229
Epoch: 10
Epoch: 104
data1_predict_price: [854.15875 799.10375 600.825   629.72875 747.53   ]
data1_predict_date: [233 234 235 236 239]
data2_predict_price: [-1088.55279229  4269.61456169  8388.34515083  5418.29080179
 11432.4670667 ]
data2_predict_date: [230 231 232 233 234]
Success
Day: 230
Epoch: 21
Epoch: 149
data1_predict_price: [854.15875 799.10375 600.825   629.72875 747.53   ]
data1_predict_date: [233 234 235 236 239]
data2_predict_price: [ 6693.14639197 10811.87698111  7841.82263208 13855.99889698
 14344.06750998]
data2_predict_date: [231 232 233 234 235]
Success
Day: 231
Epoch: 17
Epoch: 92
data1_predict_price: [854.15875 799.10375 600.825   629.72875 747.53   ]
data1_predict_date: [233 234 235 236 239]
data2_predict_price: [5451.73058914 2481.67624011 8495.85250501 8983.921118   8681.43491099]
data2_predict_date: [232 233 234 235 236]
Success
Day: 232
Epoch: 17
Epoch: 107
data1_predict_price: [854.15875 799.10375 600.825   629.72875 747.53   ]
data1_predict_date: [233 234 235 236 239]
data2_predict_price: [-1552.88153603  4461.29472887  4949.36334187  4646.87713485
 16369.81572232]
data2_predict_date: [233 234 235 236 237]
Success
Day: 233
Epoch: 23
Epoch: 82
data1_predict_price: [1200.395   1002.11625 1031.02    1148.82125  784.27125]
data1_predict_date: [234 235 236 239 240]
data2_predict_price: [ 7466.2525529   7954.3211659   7651.83495888 19374.77354635
 24220.49809934]
data2_predict_date: [234 235 236 237 238]
Success
Day: 234
Epoch: 17
Epoch: 109
data1_predict_price: [1052.02125 1080.925   1198.72625  834.17625  662.2375 ]
data1_predict_date: [235 236 239 240 241]
data2_predict_price: [ 1935.61861299  1633.13240598 13356.07099345 18201.79554644
 17543.75385278]
data2_predict_date: [235 236 237 238 239]
Success
Day: 235
Epoch: 17
Epoch: 32
data1_predict_price: [1257.35375 1375.155   1010.605    838.66625  116.88   ]
data1_predict_date: [236 239 240 241 242]
data2_predict_price: [ 1205.80591798 12928.74450545 17774.46905845 17116.42736478
 25568.81548634]
data2_predict_date: [236 237 238 239 240]
Success
Day: 236
Epoch: 5
Epoch: 143
data1_predict_price: [1345.85125  981.30125  809.3625    87.57625   72.03125]
data1_predict_date: [239 240 241 242 243]
data2_predict_price: [13256.27365847 18101.99821146 17443.9565178  25896.34463936
 29365.69656023]
data2_predict_date: [237 238 239 240 241]
Success
Day: 237
Epoch: 26
Epoch: 136
data1_predict_price: [1345.85125  981.30125  809.3625    87.57625   72.03125]
data1_predict_date: [239 240 241 242 243]
data2_predict_price: [ 6364.47455299  5706.43285933 14158.82098089 17628.17290176
 15566.08547853]
data2_predict_date: [238 239 240 241 242]
Success
Day: 238
Epoch: 25
Epoch: 8
data1_predict_price: [1345.85125  981.30125  809.3625    87.57625   72.03125]
data1_predict_date: [239 240 241 242 243]
data2_predict_price: [  877.82673534  9330.21485689 12799.56677776 10737.47935454
 13100.6950507 ]
data2_predict_date: [239 240 241 242 243]
Success
Day: 239
Epoch: 17
Epoch: 105
data1_predict_price: [865.25    693.31125 -28.475   -44.02     11.22375]
data1_predict_date: [240 241 242 243 246]
data2_predict_price: [10093.00734656 13562.35926743 11500.2718442  13863.48754037
 28458.78445928]
data2_predict_date: [240 241 242 243 244]
Success
Day: 240
Epoch: 12
Epoch: 109
data1_predict_price: [1048.46125  326.675    311.13     366.37375   54.50375]
data1_predict_date: [241 242 243 246 247]
data2_predict_price: [ 5120.45192087  3058.36449764  5421.58019381 20016.87711272
 21453.58214124]
data2_predict_date: [241 242 243 244 245]
Success
Day: 241
Epoch: 21
Epoch: 88
data1_predict_price: [501.16375 485.61875 540.8625  228.9925  310.57625]
data1_predict_date: [242 243 246 247 248]
data2_predict_price: [ -299.20117323  2064.01452294 16659.31144185 18096.01647037
 33673.3505944 ]
data2_predict_date: [242 243 244 245 246]
Success
Day: 242
Epoch: 25
Epoch: 18
data1_predict_price: [1207.605   1262.84875  950.97875 1032.5625  1036.7725 ]
data1_predict_date: [243 246 247 248 249]
data2_predict_price: [ 4184.20625917 18779.50317808 20216.2082066  35793.54233063
 43877.73395426]
data2_predict_date: [243 244 245 246 247]
Success
Day: 243
Epoch: 16
Epoch: 106
data1_predict_price: [1286.49375  974.62375 1056.2075  1060.4175  1324.735  ]
data1_predict_date: [246 247 248 249 250]
data2_predict_price: [16424.29691891 17861.00194743 33438.33607146 41522.5276951
 42614.27334183]
data2_predict_date: [244 245 246 247 248]
Success
Day: 244
Epoch: 17
Epoch: 12
data1_predict_price: [1286.49375  974.62375 1056.2075  1060.4175  1324.735  ]
data1_predict_date: [246 247 248 249 250]
data2_predict_price: [ 3208.62504152 18785.95916555 26870.15078919 27961.89643592
 19968.19627804]
data2_predict_date: [245 246 247 248 249]
Success
Day: 245
Epoch: 19
Epoch: 20
data1_predict_price: [1286.49375  974.62375 1056.2075  1060.4175  1324.735  ]
data1_predict_date: [246 247 248 249 250]
data2_predict_price: [17353.65062403 25437.84224766 26529.5878944  18535.88773651
 19123.32316812]
data2_predict_date: [246 247 248 249 250]
Success
Day: 246
Epoch: 12
Epoch: 9
data1_predict_price: [ 921.43    1003.01375 1007.22375 1271.54125 1336.6625 ]
data1_predict_date: [247 248 249 250 253]
data2_predict_price: [ 9864.19162363 10955.93727037  2962.23711248  3549.67254409
  4037.58635837]
data2_predict_date: [247 248 249 250 251]
Success
Day: 247
Epoch: 7
Epoch: 49
data1_predict_price: [1315.78375 1319.99375 1584.31125 1649.4325  1676.69   ]
data1_predict_date: [248 249 250 253 254]
data2_predict_price: [ 2830.77762174 -5162.92253615 -4575.48710454 -4087.57329026
 -9832.30044207]
data2_predict_date: [248 249 250 251 252]
Success
Day: 248
Epoch: 23
Epoch: 5
data1_predict_price: [1261.61    1525.9275  1591.04875 1618.30625 2379.79125]
data1_predict_date: [249 250 253 254 255]
data2_predict_price: [ -6186.21509489  -5598.77966328  -5110.865849   -10855.59300081
  -1326.87738804]
data2_predict_date: [249 250 251 252 253]
Success
Day: 249
Epoch: 9
Epoch: 9
data1_predict_price: [1520.2175  1585.33875 1612.59625 2374.08125 2322.31875]
data1_predict_date: [250 253 254 255 256]
data2_predict_price: [ 2371.41543161  2859.32924589 -2885.39790592  6643.31770684
  3336.14162077]
data2_predict_date: [250 251 252 253 254]
Success
