Day: 250
Epoch: 14
Epoch: 12
data1_predict_price: [1317.12125 1344.37875 2105.86375 2054.10125 1923.31875]
data1_predict_date: [253 254 255 256 257]
data2_predict_price: [ 2599.77579505 -4427.93471146  7330.24197266  3300.64787305
 33787.41846499]
data2_predict_date: [251 252 253 254 255]
Success
Day: 251
Epoch: 8
Epoch: 13
data1_predict_price: [1317.12125 1344.37875 2105.86375 2054.10125 1923.31875]
data1_predict_date: [253 254 255 256 257]
data2_predict_price: [-4974.80071851  6783.37596561  2753.781866   33240.55245794
 48936.51664393]
data2_predict_date: [252 253 254 255 256]
Success
Day: 252
Epoch: 6
Epoch: 5
data1_predict_price: [1317.12125 1344.37875 2105.86375 2054.10125 1923.31875]
data1_predict_date: [253 254 255 256 257]
data2_predict_price: [13767.01668412  9737.42258451 40224.19317645 55920.15736244
 48359.92284651]
data2_predict_date: [253 254 255 256 257]
Success
Day: 253
Epoch: 35
Epoch: 10
data1_predict_price: [1286.1075  2047.5925  1995.83    1865.0475  2088.20875]
data1_predict_date: [254 255 256 257 261]
data2_predict_price: [-1938.93178661 28547.83880533 44243.80299132 36683.56847539
 50737.03119517]
data2_predict_date: [254 255 256 257 258]
Success
Day: 254
Epoch: 8
Epoch: 9
data1_predict_price: [2021.685   1969.9225  1839.14    2062.30125 2104.375  ]
data1_predict_date: [255 256 257 261 262]
data2_predict_price: [34515.91900426 51113.02472459 43132.69854391 57993.98886077
 93761.59785191]
data2_predict_date: [255 256 257 258 259]
Success
Day: 255
Epoch: 18
Epoch: 5
data1_predict_price: [1200.7875  1070.005   1293.16625 1335.24    1080.98875]
data1_predict_date: [256 257 261 262 263]
data2_predict_price: [18853.42572033 10873.09953965 25734.38985652 61501.99884766
 55822.21633953]
data2_predict_date: [256 257 258 259 260]
Success
Day: 256
Epoch: 18
Epoch: 69
data1_predict_price: [1126.1675  1349.32875 1391.4025  1137.15125 1279.64625]
data1_predict_date: [257 261 262 263 264]
data2_predict_price: [-5593.11989468  9268.17042218 45035.77941332 39355.9969052
 63119.35848952]
data2_predict_date: [257 258 259 260 261]
Success
Day: 257
Epoch: 95
Epoch: 74
data1_predict_price: [1488.21125 1530.285   1276.03375 1418.52875 1682.84625]
data1_predict_date: [261 262 263 264 267]
data2_predict_price: [17453.18526646 54142.34883769 48310.31064696 72684.2233056
 40078.15411234]
data2_predict_date: [258 259 260 261 262]
Success
Day: 258
Epoch: 8
Epoch: 77
data1_predict_price: [1488.21125 1530.285   1276.03375 1418.52875 1682.84625]
data1_predict_date: [261 262 263 264 267]
data2_predict_price: [38968.98357123 33136.9453805  57510.85803914 24904.78884588
 37543.9326965 ]
data2_predict_date: [259 260 261 262 263]
Success
Day: 259
Epoch: 22
Epoch: 15
data1_predict_price: [1488.21125 1530.285   1276.03375 1418.52875 1682.84625]
data1_predict_date: [261 262 263 264 267]
data2_predict_price: [ -3639.05739073  20734.85526791 -11871.21392535    767.92992527
 -15385.29677244]
data2_predict_date: [260 261 262 263 264]
Success
Day: 260
Epoch: 122
Epoch: 34
data1_predict_price: [1488.21125 1530.285   1276.03375 1418.52875 1682.84625]
data1_predict_date: [261 262 263 264 267]
data2_predict_price: [26649.84335864 -5956.22583462  6682.918016   -9470.30868172
  5980.78730831]
data2_predict_date: [261 262 263 264 265]
Success
Day: 261
Epoch: 5
Epoch: 64
data1_predict_price: [1304.77375 1050.5225  1193.0175  1457.335   1377.58625]
data1_predict_date: [262 263 264 267 268]
data2_predict_price: [-30316.04919326 -17676.90534264 -33830.13204036 -18379.03605033
 -15745.56276324]
data2_predict_date: [262 263 264 265 266]
Success
Day: 262
Epoch: 22
Epoch: 9
data1_predict_price: [1011.94875 1154.44375 1418.76125 1339.0125  1451.875  ]
data1_predict_date: [263 264 267 268 269]
data2_predict_price: [14925.07776462 -1228.1489331  14222.94705693 16856.42034402
 16106.75087272]
data2_predict_date: [263 264 265 266 267]
Success
Day: 263
Epoch: 20
Epoch: 6
data1_predict_price: [1407.345   1671.6625  1591.91375 1704.77625 1657.9525 ]
data1_predict_date: [264 267 268 269 270]
data2_predict_price: [-13753.98402672   1697.11196331   4330.5852504    3580.9157791
  24682.97000531]
data2_predict_date: [264 265 266 267 268]
Success
Day: 264
Epoch: 8
Epoch: 85
data1_predict_price: [1539.2675  1459.51875 1572.38125 1525.5575  1855.725  ]
data1_predict_date: [267 268 269 270 271]
data2_predict_price: [17861.02599003 20494.49927712 19744.82980582 40846.88403203
 42847.11885294]
data2_predict_date: [265 266 267 268 269]
Success
Day: 265
Epoch: 30
Epoch: 10
data1_predict_price: [1539.2675  1459.51875 1572.38125 1525.5575  1855.725  ]
data1_predict_date: [267 268 269 270 271]
data2_predict_price: [ 5159.23844509  4409.56897379 25511.6232     27511.85802091
 49084.17324999]
data2_predict_date: [266 267 268 269 270]
Success
Day: 266
Epoch: 39
Epoch: 41
data1_predict_price: [1539.2675  1459.51875 1572.38125 1525.5575  1855.725  ]
data1_predict_date: [267 268 269 270 271]
data2_predict_price: [ 1766.5036717  22868.55789791 24868.79271882 46441.1079479
 44666.57199924]
data2_predict_date: [267 268 269 270 271]
Success
Day: 267
Epoch: 13
Epoch: 97
data1_predict_price: [1200.20125 1313.06375 1266.24    1596.4075  1758.6575 ]
data1_predict_date: [268 269 270 271 274]
data2_predict_price: [23631.58422621 25631.81904712 47204.13427621 45429.59832754
 47926.73562532]
data2_predict_date: [268 269 270 271 272]
Success
Day: 268
Epoch: 25
Epoch: 5
data1_predict_price: [1406.3625  1359.53875 1689.70625 1851.95625 2295.715  ]
data1_predict_date: [269 270 271 274 275]
data2_predict_price: [  5799.45949244  36527.89614358  34080.02235769  37702.27582924
 131369.66270214]
data2_predict_date: [269 270 271 272 273]
Success
Day: 269
Epoch: 14
Epoch: 77
data1_predict_price: [1244.17625 1574.34375 1736.59375 2180.3525  2095.665  ]
data1_predict_date: [270 271 274 275 276]
data2_predict_price: [ 35871.69573064  33195.22822814  37084.1637113  138365.22337971
  75953.29173452]
data2_predict_date: [270 271 272 273 274]
Success
Day: 270
Epoch: 5
Epoch: 77
data1_predict_price: [1603.2675  1765.5175  2209.27625 2124.58875 1532.85625]
data1_predict_date: [271 274 275 276 277]
data2_predict_price: [6.56249750e+00 3.89549798e+03 1.05176558e+05 4.27646260e+04
 4.80131330e+04]
data2_predict_date: [271 272 273 274 275]
Success
Day: 271
Epoch: 12
Epoch: 67
data1_predict_price: [1428.8     1872.55875 1787.87125 1196.13875  978.105  ]
data1_predict_date: [274 275 276 277 278]
data2_predict_price: [  6716.42678316 107997.48645157  45585.55480638  50834.06183191
  92230.44001229]
data2_predict_date: [272 273 274 275 276]
Success
Day: 272
Epoch: 8
Epoch: 57
data1_predict_price: [1428.8     1872.55875 1787.87125 1196.13875  978.105  ]
data1_predict_date: [274 275 276 277 278]
data2_predict_price: [104126.43252541  41714.50088022  46963.00790575  88359.38608613
  93542.78514419]
data2_predict_date: [273 274 275 276 277]
Success
Day: 273
Epoch: 5
Epoch: 59
data1_predict_price: [1428.8     1872.55875 1787.87125 1196.13875  978.105  ]
data1_predict_date: [274 275 276 277 278]
data2_predict_price: [-59513.30164519 -54264.79461966 -12868.41643928  -7685.01738121
   7618.92171664]
data2_predict_date: [274 275 276 277 278]
Success
Day: 274
Epoch: 8
Epoch: 52
data1_predict_price: [1710.15875 1625.47125 1033.73875  815.705    808.39125]
data1_predict_date: [275 276 277 278 281]
data2_predict_price: [ 8099.19114415 51113.96363808 56487.80441007 72381.25902935
   785.06836588]
data2_predict_date: [275 276 277 278 279]
Success
Day: 275
Epoch: 10
Epoch: 48
data1_predict_price: [1177.3125   585.58     367.54625  360.2325   212.9875 ]
data1_predict_date: [276 277 278 281 282]
data2_predict_price: [45762.95757993 51136.79835192 67030.2529712  -4565.93769227
 22405.3804089 ]
data2_predict_date: [276 277 278 279 280]
Success
Day: 276
Epoch: 13
Epoch: 41
data1_predict_price: [683.7675  465.73375 458.42    311.175   753.2875 ]
data1_predict_date: [277 278 281 282 283]
data2_predict_price: [  8079.84077199  23973.29539127 -47622.8952722  -20651.57717104
 -33139.71300244]
data2_predict_date: [277 278 279 280 281]
Success
Day: 277
Epoch: 15
Epoch: 87
data1_predict_price: [1036.51625 1029.2025   881.9575  1324.07     631.91625]
data1_predict_date: [278 281 282 283 284]
data2_predict_price: [  18925.52119914  -55400.50341825  -27419.29685177  -40394.66437817
 -121685.35741846]
data2_predict_date: [278 279 280 281 282]
Success
Day: 278
Epoch: 5
Epoch: 29
data1_predict_price: [1248.08625 1100.84125 1542.95375  850.8      876.41125]
data1_predict_date: [281 282 283 284 285]
data2_predict_price: [ -71861.06480338  -43879.85823691  -56855.22576331 -138145.91880359
 -131162.43065797]
data2_predict_date: [279 280 281 282 283]
Success
Day: 279
Epoch: 17
Epoch: 34
data1_predict_price: [1248.08625 1100.84125 1542.95375  850.8      876.41125]
data1_predict_date: [281 282 283 284 285]
data2_predict_price: [ 30459.14656647  17483.77904008 -63806.91400021 -56823.42585458
 -52771.93710083]
data2_predict_date: [280 281 282 283 284]
Success
Day: 280
Epoch: 20
Epoch: 44
data1_predict_price: [1248.08625 1100.84125 1542.95375  850.8      876.41125]
data1_predict_date: [281 282 283 284 285]
data2_predict_price: [-10467.9782744  -91758.67131468 -84775.18316906 -80723.69441531
 -71589.00005622]
data2_predict_date: [281 282 283 284 285]
Success
Day: 281
Epoch: 6
Epoch: 48
data1_predict_price: [1100.905   1543.0175   850.86375  876.475    635.39375]
data1_predict_date: [282 283 284 285 288]
data2_predict_price: [-78673.48277729 -71689.99463166 -67638.50587791 -58503.81151882
 -24562.23522366]
data2_predict_date: [282 283 284 285 286]
Success
Day: 282
Epoch: 21
Epoch: 44
data1_predict_price: [1684.3125   992.15875 1017.77     776.68875  578.41   ]
data1_predict_date: [283 284 285 288 289]
data2_predict_price: [ 9583.48814563 13634.97689938 22769.67125846 56711.24755363
 51444.40219029]
data2_predict_date: [283 284 285 286 287]
Success
Day: 283
Epoch: 29
Epoch: 55
data1_predict_price: [550.34625 575.9575  334.87625 136.5975  144.1    ]
data1_predict_date: [284 285 288 289 290]
data2_predict_price: [ 6722.53200375 15857.22636284 49798.802658   44531.95729466
 66504.7108237 ]
data2_predict_date: [284 285 286 287 288]
Success
Day: 284
Epoch: 13
Epoch: 27
data1_predict_price: [1276.41125 1035.33     837.05125  844.55375 1115.45625]
data1_predict_date: [285 288 289 290 291]
data2_predict_price: [11861.98237209 45803.55866725 40536.71330391 62509.46683295
 79914.64184425]
data2_predict_date: [285 286 287 288 289]
Success
Day: 285
Epoch: 22
Epoch: 50
data1_predict_price: [1014.61875  816.34     823.8425  1094.745   1253.7025 ]
data1_predict_date: [288 289 290 291 292]
data2_predict_price: [36655.05629516 31388.21093182 53360.96446087 70766.13947216
 66549.4044351 ]
data2_predict_date: [286 287 288 289 290]
Success
Day: 286
Epoch: 18
Epoch: 26
data1_predict_price: [1014.61875  816.34     823.8425  1094.745   1253.7025 ]
data1_predict_date: [288 289 290 291 292]
data2_predict_price: [-2677.68047534 19295.0730537  36700.248065   32483.51302794
 -5841.42857445]
data2_predict_date: [287 288 289 290 291]
Success
Day: 287
Epoch: 5
Epoch: 45
data1_predict_price: [1014.61875  816.34     823.8425  1094.745   1253.7025 ]
data1_predict_date: [288 289 290 291 292]
data2_predict_price: [ 24485.11981504  41890.29482634  37673.55978928   -651.38181312
 -24310.27070931]
data2_predict_date: [288 289 290 291 292]
Success
Day: 288
Epoch: 16
Epoch: 36
data1_predict_price: [1046.97125 1054.47375 1325.37625 1484.33375 1137.8925 ]
data1_predict_date: [289 290 291 292 295]
data2_predict_price: [ 19907.2050113   15690.46997424 -22634.47162816 -46293.36052435
 -49438.54103934]
data2_predict_date: [289 290 291 292 293]
Success
Day: 289
Epoch: 5
Epoch: 38
data1_predict_price: [1257.0525  1527.955   1686.9125  1340.47125 1479.67375]
data1_predict_date: [290 291 292 295 296]
data2_predict_price: [ -1698.83192306 -40023.77352546 -63682.66242165 -66827.84293664
 -61883.44696972]
data2_predict_date: [290 291 292 293 294]
Success
Day: 290
Epoch: 10
Epoch: 54
data1_predict_price: [1518.9025  1677.86    1331.41875 1470.62125 1417.2125 ]
data1_predict_date: [291 292 295 296 297]
data2_predict_price: [-35739.5924164  -59398.48131259 -62543.66182757 -57599.26586066
 -36736.78752106]
data2_predict_date: [291 292 293 294 295]
Success
Day: 291
Epoch: 20
Epoch: 41
data1_predict_price: [1402.4575  1056.01625 1195.21875 1141.81     991.2725 ]
data1_predict_date: [292 295 296 297 298]
data2_predict_price: [-21100.58889619 -24245.76941118 -19301.37344427   1561.10489534
  -6742.54100933]
data2_predict_date: [292 293 294 295 296]
Success
Day: 292
Epoch: 223
Epoch: 11
data1_predict_price: [ 895.80875 1035.01125  981.6025   831.065    787.53375]
data1_predict_date: [295 296 297 298 299]
data2_predict_price: [ -667.53913999  4276.85682692 25139.33516653 16835.68926186
 -8014.60238603]
data2_predict_date: [293 294 295 296 297]
Success
Day: 293
Epoch: 10
Epoch: 40
data1_predict_price: [ 895.80875 1035.01125  981.6025   831.065    787.53375]
data1_predict_date: [295 296 297 298 299]
data2_predict_price: [ 7445.58730991 28308.06564952 20004.41974484 -4845.87190305
  2467.99828202]
data2_predict_date: [294 295 296 297 298]
Success
Day: 294
Epoch: 21
Epoch: 55
data1_predict_price: [ 895.80875 1035.01125  981.6025   831.065    787.53375]
data1_predict_date: [295 296 297 298 299]
data2_predict_price: [ 23283.7383396   14980.09243493  -9870.19921296  -2556.32902789
 -27182.14383301]
data2_predict_date: [295 296 297 298 299]
Success
Day: 295
Epoch: 21
Epoch: 22
data1_predict_price: [1368.4525  1315.04375 1164.50625 1120.975    690.575  ]
data1_predict_date: [296 297 298 299 302]
data2_predict_price: [ -5742.42047567 -30592.71212356 -23278.84193849 -47904.65674361
  -4658.95387885]
data2_predict_date: [296 297 298 299 300]
Success
Day: 296
Epoch: 9
Epoch: 29
data1_predict_price: [1170.34125 1019.80375  976.2725   545.8725   362.41   ]
data1_predict_date: [297 298 299 302 303]
data2_predict_price: [-22250.56180989 -14936.69162482 -39562.50642994   3683.19643483
  15612.78060853]
data2_predict_date: [297 298 299 300 301]
Success
Day: 297
Epoch: 21
Epoch: 40
data1_predict_price: [1069.7625  1026.23125  595.83125  412.36875  296.4025 ]
data1_predict_date: [298 299 302 303 304]
data2_predict_price: [  9912.76018507 -14713.05462005  28532.64824472  40462.23241842
  40248.14694576]
data2_predict_date: [298 299 300 301 302]
Success
Day: 298
Epoch: 11
Epoch: 29
data1_predict_price: [1181.36875  750.96875  567.50625  451.54     600.62   ]
data1_predict_date: [299 302 303 304 305]
data2_predict_price: [-22015.84705512  21229.85580965  33159.43998335  32945.35451069
  36409.65311419]
data2_predict_date: [299 300 301 302 303]
Success
Day: 299
Epoch: 10
Epoch: 48
data1_predict_price: [785.25    601.7875  485.82125 634.90125 327.97   ]
data1_predict_date: [302 303 304 305 306]
data2_predict_price: [45736.90407877 57666.48825247 57452.4027798  60916.70138331
 24304.33732628]
data2_predict_date: [300 301 302 303 304]
Success
Day: 300
Epoch: 6
Epoch: 18
data1_predict_price: [785.25    601.7875  485.82125 634.90125 327.97   ]
data1_predict_date: [302 303 304 305 306]
data2_predict_price: [ 14432.4441737   14218.35870104  17682.65730454 -18929.70675248
 -15286.07038617]
data2_predict_date: [301 302 303 304 305]
Success
Day: 301
Epoch: 9
Epoch: 56
data1_predict_price: [785.25    601.7875  485.82125 634.90125 327.97   ]
data1_predict_date: [302 303 304 305 306]
data2_predict_price: [  2322.15346534   5786.45206884 -30825.91198818 -27182.27562187
 -16834.67690607]
data2_predict_date: [302 303 304 305 306]
Success
Day: 302
Epoch: 12
Epoch: 39
data1_predict_price: [1028.4375   912.47125 1061.55125  754.62     628.77625]
data1_predict_date: [303 304 305 306 309]
data2_predict_price: [  5830.4687465  -30781.89531052 -27138.2589442  -16790.66022841
 -69237.55494522]
data2_predict_date: [303 304 305 306 307]
Success
Day: 303
Epoch: 7
Epoch: 48
data1_predict_price: [1095.08375 1244.16375  937.2325   811.38875  781.0275 ]
data1_predict_date: [304 305 306 309 310]
data2_predict_price: [-34285.27405702 -30641.63769071 -20294.03897491 -72740.93369173
 -84757.9552098 ]
data2_predict_date: [304 305 306 307 308]
Success
Day: 304
Epoch: 13
Epoch: 43
data1_predict_price: [1367.88    1060.94875  935.105    904.74375 1157.5375 ]
data1_predict_date: [305 306 309 310 311]
data2_predict_price: [  6029.38493732  16376.98365312 -36069.9110637  -48086.93258178
 -29936.73157108]
data2_predict_date: [305 306 307 308 309]
Success
Day: 305
Epoch: 12
Epoch: 37
data1_predict_price: [ 911.96875  786.125    755.76375 1008.5575  1009.475  ]
data1_predict_date: [306 309 310 311 312]
data2_predict_price: [ 12702.3821328  -39744.51258402 -51761.53410209 -33611.3330914
 -43123.64926844]
data2_predict_date: [306 307 308 309 310]
Success
Day: 306
Epoch: 22
Epoch: 30
data1_predict_price: [1104.45625 1074.095   1326.88875 1327.80625 1700.77625]
data1_predict_date: [309 310 311 312 313]
data2_predict_price: [-50108.40471682 -62125.42623489 -43975.2252242  -53487.54140124
 -58471.40066649]
data2_predict_date: [307 308 309 310 311]
Success
Day: 307
Epoch: 7
Epoch: 33
data1_predict_price: [1104.45625 1074.095   1326.88875 1327.80625 1700.77625]
data1_predict_date: [309 310 311 312 313]
data2_predict_price: [-10278.15904626   8332.57971005  -1435.05254067  -6557.03994786
 -95018.73617644]
data2_predict_date: [308 309 310 311 312]
Success
Day: 308
Epoch: 8
Epoch: 45
data1_predict_price: [1104.45625 1074.095   1326.88875 1327.80625 1700.77625]
data1_predict_date: [309 310 311 312 313]
data2_predict_price: [  20541.95305631   10774.32080559    5652.3333984   -82809.36283018
 -123232.76742977]
data2_predict_date: [309 310 311 312 313]
Success
Day: 309
Epoch: 10
Epoch: 50
data1_predict_price: [1203.73875 1456.5325  1457.45    1830.42    1953.16   ]
data1_predict_date: [310 311 312 313 316]
data2_predict_price: [  -7856.67225072  -12978.65965791 -101440.35588649 -141863.76048608
 -148239.91811761]
data2_predict_date: [310 311 312 313 314]
Success
Day: 310
Epoch: 14
Epoch: 12
data1_predict_price: [1493.54375 1494.46125 1867.43125 1990.17125 2206.7475 ]
data1_predict_date: [311 312 313 316 317]
data2_predict_price: [  -3225.32880914  -99398.33348302 -143332.22055334 -150241.51582139
   -9290.52970066]
data2_predict_date: [311 312 313 314 315]
Success
Day: 311
Epoch: 18
Epoch: 48
data1_predict_price: [1243.0675  1616.0375  1738.7775  1955.35375 1999.07375]
data1_predict_date: [312 313 316 317 318]
data2_predict_price: [ -93908.23897388 -137842.1260442  -144751.42131225   -3800.43519152
  -22796.4294058 ]
data2_predict_date: [312 313 314 315 316]
Success
Day: 312
Epoch: 16
Epoch: 11
data1_predict_price: [1611.67    1734.41    1950.98625 1994.70625 1878.74   ]
data1_predict_date: [313 316 317 318 319]
data2_predict_price: [-41668.67707032 -48577.97233837  92373.01378236  73377.01956808
  73594.83856788]
data2_predict_date: [313 314 315 316 317]
Success
Day: 313
Epoch: 8
Epoch: 56
data1_predict_price: [1371.29    1587.86625 1631.58625 1515.62    1837.55625]
data1_predict_date: [316 317 318 319 320]
data2_predict_price: [ -4302.41418737 138252.94474841 119044.33181766 119267.80027851
 264547.47915836]
data2_predict_date: [314 315 316 317 318]
Success
Day: 314
Epoch: 12
Epoch: 7
data1_predict_price: [1371.29    1587.86625 1631.58625 1515.62    1837.55625]
data1_predict_date: [316 317 318 319 320]
data2_predict_price: [145362.96879277 126154.35586202 126377.82432287 271657.50320273
 315400.57721317]
data2_predict_date: [315 316 317 318 319]
Success
Day: 315
Epoch: 10
Epoch: 6
data1_predict_price: [1371.29    1587.86625 1631.58625 1515.62    1837.55625]
data1_predict_date: [316 317 318 319 320]
data2_predict_price: [-16383.10293075 -16159.6344699  129120.04440996 172863.1184204
 179165.40757905]
data2_predict_date: [316 317 318 319 320]
Success
Day: 316
Epoch: 10
Epoch: 5
data1_predict_price: [1472.12625 1515.84625 1399.88    1721.81625 1949.91625]
data1_predict_date: [317 318 319 320 323]
data2_predict_price: [  2975.28948985 148254.9683697  191998.04238015 198300.3315388
 172707.6384914 ]
data2_predict_date: [317 318 319 320 321]
Success
Day: 317
Epoch: 6
Epoch: 11
data1_predict_price: [1298.12    1182.15375 1504.09    1732.19    1691.95125]
data1_predict_date: [318 319 320 323 324]
data2_predict_price: [147840.67679685 191583.7508073  197886.03996595 172293.34691855
 105909.87448971]
data2_predict_date: [318 319 320 321 322]
Success
Day: 318
Epoch: 9
Epoch: 7
data1_predict_price: [1132.13375 1454.07    1682.17    1641.93125 1432.12875]
data1_predict_date: [319 320 323 324 325]
data2_predict_price: [ 46307.37401044  52609.6631691   27016.9701217  -39366.50230714
 -38147.83983302]
data2_predict_date: [319 320 321 322 323]
Success
Day: 319
Epoch: 14
Epoch: 9
data1_predict_price: [1583.03625 1811.13625 1770.8975  1561.095   1986.745  ]
data1_predict_date: [320 323 324 325 326]
data2_predict_price: [  8949.91415865 -16642.77888874 -83026.25131758 -81807.58884346
 -52721.75523597]
data2_predict_date: [320 321 322 323 324]
Success
Day: 320
Epoch: 26
Epoch: 10
data1_predict_price: [1493.      1452.76125 1242.95875 1668.60875 1791.34875]
data1_predict_date: [323 324 325 326 327]
data2_predict_price: [-22811.0564644  -89194.52889324 -87975.86641911 -58890.03281163
 -12153.10954658]
data2_predict_date: [321 322 323 324 325]
Success
Day: 321
Epoch: 19
Epoch: 5
data1_predict_price: [1493.      1452.76125 1242.95875 1668.60875 1791.34875]
data1_predict_date: [323 324 325 326 327]
data2_predict_price: [-63598.67242884 -62380.00995472 -33294.17634723  13442.74691782
  14613.12036053]
data2_predict_date: [322 323 324 325 326]
Success
Day: 322
Epoch: 14
Epoch: 8
data1_predict_price: [1493.      1452.76125 1242.95875 1668.60875 1791.34875]
data1_predict_date: [323 324 325 326 327]
data2_predict_price: [ 3964.61789112 33050.45149861 79787.37476366 80957.74820637
 67499.26070704]
data2_predict_date: [323 324 325 326 327]
Success
Day: 323
Epoch: 18
Epoch: 18
data1_predict_price: [1227.31125 1017.50875 1443.15875 1565.89875 1650.775  ]
data1_predict_date: [324 325 326 327 330]
data2_predict_price: [ 31952.26527449  78689.18853953  79859.56198225  66401.07448291
 108424.45498798]
data2_predict_date: [324 325 326 327 328]
Success
Day: 324
Epoch: 16
Epoch: 13
data1_predict_price: [1061.1475  1486.7975  1609.5375  1694.41375 1803.98375]
data1_predict_date: [325 326 327 330 331]
data2_predict_price: [49599.82326505 50770.19670776 37311.70920843 79335.08971349
 78173.96789741]
data2_predict_date: [325 326 327 328 329]
Success
Day: 325
Epoch: 6
Epoch: 7
data1_predict_price: [1695.25    1817.99    1902.86625 2012.43625 1965.6125 ]
data1_predict_date: [326 327 330 331 332]
data2_predict_price: [  3864.00742572  -9594.48007362  32428.90043144  31267.77861537
 -27608.65360519]
data2_predict_date: [326 327 328 329 330]
Success
Day: 326
Epoch: 7
Epoch: 14
data1_predict_price: [1390.84    1475.71625 1585.28625 1538.4625  1486.7    ]
data1_predict_date: [327 330 331 332 333]
data2_predict_price: [-10664.36978234  31359.01072273  30197.88890665 -28678.54331391
   6382.64578843]
data2_predict_date: [327 328 329 330 331]
Success
Day: 327
Epoch: 20
Epoch: 6
data1_predict_price: [1342.57625 1452.14625 1405.3225  1353.56    1008.765  ]
data1_predict_date: [330 331 332 333 334]
data2_predict_price: [ 44813.38050506  43652.25868899 -15224.17353157  19837.01557077
  18471.80777214]
data2_predict_date: [328 329 330 331 332]
Success
Day: 328
Epoch: 14
Epoch: 10
data1_predict_price: [1342.57625 1452.14625 1405.3225  1353.56    1008.765  ]
data1_predict_date: [330 331 332 333 334]
data2_predict_price: [  2042.90491205 -57769.89858309 -22143.97005773 -23526.5274121
 128016.89169055]
data2_predict_date: [329 330 331 332 333]
Success
Day: 329
Epoch: 8
Epoch: 7
data1_predict_price: [1342.57625 1452.14625 1405.3225  1353.56    1008.765  ]
data1_predict_date: [330 331 332 333 334]
data2_predict_price: [-56560.24096214 -20934.31243678 -22316.86979115 129226.54931151
 141488.55297694]
data2_predict_date: [330 331 332 333 334]
Success
Day: 330
Epoch: 5
Epoch: 6
data1_predict_price: [1367.57    1320.74625 1268.98375  924.18875  931.69125]
data1_predict_date: [331 332 333 334 337]
data2_predict_price: [ 38836.12852536  37453.57117099 188996.99027365 201258.99393908
 186345.24060819]
data2_predict_date: [331 332 333 334 335]
Success
Day: 331
Epoch: 21
Epoch: 12
data1_predict_price: [1214.97625 1163.21375  818.41875  825.92125  948.66125]
data1_predict_date: [332 333 334 337 338]
data2_predict_price: [  2074.81697863 153618.23608129 165880.23974672 150966.48641583
 238492.23956008]
data2_predict_date: [332 333 334 335 336]
Success
Day: 332
Epoch: 30
Epoch: 14
data1_predict_price: [1219.2875   874.4925   881.995   1004.735   1306.91625]
data1_predict_date: [333 334 337 338 339]
data2_predict_price: [154900.74541966 167162.74908509 152248.9957542  239774.74889845
 204451.60007006]
data2_predict_date: [333 334 335 336 337]
Success
Day: 333
Epoch: 8
Epoch: 11
data1_predict_price: [ 939.605    947.1075  1069.8475  1372.02875 1809.2025 ]
data1_predict_date: [334 337 338 339 340]
data2_predict_price: [15602.28366543   688.53033454 88214.28347879 52891.13465041
 46934.37774172]
data2_predict_date: [334 335 336 337 338]
Success
Day: 334
Epoch: 6
Epoch: 7
data1_predict_price: [1293.6025  1416.3425  1718.52375 2155.6975  2209.295  ]
data1_predict_date: [337 338 339 340 341]
data2_predict_price: [-11281.24666389  76244.50648036  40921.35765198  34964.60074329
 138430.08178565]
data2_predict_date: [335 336 337 338 339]
Success
Day: 335
Epoch: 10
Epoch: 9
data1_predict_price: [1293.6025  1416.3425  1718.52375 2155.6975  2209.295  ]
data1_predict_date: [337 338 339 340 341]
data2_predict_price: [ 91378.55605825  56055.40722986  50098.65032118 153564.13136354
 231580.29112552]
data2_predict_date: [336 337 338 339 340]
Success
Day: 336
Epoch: 8
Epoch: 7
data1_predict_price: [1293.6025  1416.3425  1718.52375 2155.6975  2209.295  ]
data1_predict_date: [337 338 339 340 341]
data2_predict_price: [-31454.62882838 -37411.38573707  66054.09530529 144070.25506727
 149705.34440647]
data2_predict_date: [337 338 339 340 341]
Success
Day: 337
Epoch: 21
Epoch: 18
data1_predict_price: [1405.04    1707.22125 2144.395   2197.9925  2070.5025 ]
data1_predict_date: [338 339 340 341 344]
data2_predict_price: [ -1673.76490868 101791.71613368 179807.87589566 185442.96523486
 332159.42068477]
data2_predict_date: [338 339 340 341 342]
Success
Day: 338
Epoch: 8
Epoch: 14
data1_predict_price: [1572.48125 2009.655   2063.2525  1935.7625  1538.2875 ]
data1_predict_date: [339 340 341 344 345]
data2_predict_price: [107682.50937136 185698.66913334 191333.75847254 338050.21392245
 314786.26684121]
data2_predict_date: [339 340 341 342 343]
Success
Day: 339
Epoch: 15
Epoch: 8
data1_predict_price: [1709.92375 1763.52125 1636.03125 1238.55625 1316.8475 ]
data1_predict_date: [340 341 344 345 346]
data2_predict_price: [ 82196.12976198  87831.21910118 234547.67455109 211283.72746985
 198246.626489  ]
data2_predict_date: [340 341 342 343 344]
Success
Day: 340
Epoch: 11
Epoch: 7
data1_predict_price: [1338.7475  1211.2575   813.7825   892.07375 1297.96875]
data1_predict_date: [341 344 345 346 347]
data2_predict_price: [  9963.8150562  156680.27050611 133416.32342487 120379.22244402
 173084.00584342]
data2_predict_date: [341 342 343 344 345]
Success
Day: 341
Epoch: 9
Epoch: 6
data1_predict_price: [1168.31     770.835    849.12625 1255.02125 1603.2975 ]
data1_predict_date: [344 345 346 347 348]
data2_predict_price: [150846.89551691 127582.94843567 114545.84745483 167250.63085422
  97170.54456474]
data2_predict_date: [342 343 344 345 346]
Success
Day: 342
Epoch: 8
Epoch: 7
data1_predict_price: [1168.31     770.835    849.12625 1255.02125 1603.2975 ]
data1_predict_date: [344 345 346 347 348]
data2_predict_price: [-19159.23708125 -32196.33806209  20508.44533731 -49571.64095218
 -58600.7494983 ]
data2_predict_date: [343 344 345 346 347]
Success
Day: 343
Epoch: 11
Epoch: 5
data1_predict_price: [1168.31     770.835    849.12625 1255.02125 1603.2975 ]
data1_predict_date: [344 345 346 347 348]
data2_predict_price: [ -8879.14294784  43825.64045155 -26254.44583793 -35283.55438405
 -16369.83928179]
data2_predict_date: [344 345 346 347 348]
Success
Day: 344
Epoch: 7
Epoch: 6
data1_predict_price: [ 895.425    973.71625 1379.61125 1727.8875  1630.03   ]
data1_predict_date: [345 346 347 348 352]
data2_predict_price: [ 56748.50539939 -13331.58089009 -22360.68943621  -3446.97433395
 -43789.91038121]
data2_predict_date: [345 346 347 348 349]
Success
Day: 345
Epoch: 6
Epoch: 8
data1_predict_price: [1362.49125 1768.38625 2116.6625  2018.805   1729.9825 ]
data1_predict_date: [346 347 348 352 353]
data2_predict_price: [ -66093.80628948  -75122.9148356   -56209.19973334  -96552.1357806
 -116801.07553776]
data2_predict_date: [346 347 348 349 350]
Success
Day: 346
Epoch: 11
Epoch: 9
data1_predict_price: [1692.545   2040.82125 1942.96375 1654.14125 1732.4325 ]
data1_predict_date: [347 348 352 353 354]
data2_predict_price: [ -4854.15854612  14059.55655614 -26283.37949112 -46532.31924828
  20294.32541292]
data2_predict_date: [347 348 349 350 351]
Success
Day: 347
Epoch: 14
Epoch: 19
data1_predict_price: [1637.27625 1539.41875 1250.59625 1328.8875  1403.88625]
data1_predict_date: [348 352 353 354 355]
data2_predict_price: [ 23254.03181926 -17088.904228   -37337.84398515  29488.80067604
  88070.63408833]
data2_predict_date: [348 349 350 351 352]
Success
Day: 348
Epoch: 9
Epoch: 8
data1_predict_price: [1187.4425   898.62     976.91125 1051.91     927.7125 ]
data1_predict_date: [352 353 354 355 358]
data2_predict_price: [-36011.16604726 -56260.10580442  10566.53885678  69148.37226906
  66198.81386075]
data2_predict_date: [349 350 351 352 353]
Success
Day: 349
Epoch: 19
Epoch: 9
data1_predict_price: [1187.4425   898.62     976.91125 1051.91     927.7125 ]
data1_predict_date: [352 353 354 355 358]
data2_predict_price: [-15888.42644016  50938.21822104 109520.05163332 106570.49322501
 116814.32442602]
data2_predict_date: [350 351 352 353 354]
Success
